     1        1           1
     1        7           4
     1       33           4
     1       34           3
     1       35           2
     1       54           4
     1       57           1
     1       58           3
     1       71           1
     1       96           0
     2       19           2
     2       29           3
     2       45           0
     2       50           2
     2       51           4
     2       70           0
     2       74           3
     2       77           2
     2       85           3
     2       98           2
     3        2           2
     3        3           0
     3       12           0
     3       14           4
     3       34           2
     3       41           4
     3       56           4
     3       86           3
     3       97           0
     4        4           1
     4       15           3
     4       44           4
     4       47           2
     4       51           4
     4       55           4
     4       56           0
     4       62           3
     4       64           4
     4       77           3
     4       83           1
     4       97           0
     5       16           0
     5       60           1
     5       87           3
     5       92           2
     5       95           3
     6        7           1
     6        8           1
     6       15           2
     6       22           1
     6       24           1
     6       27           4
     6       39           3
     6       40           2
     6       42           3
     6       46           1
     6       49           2
     6       67           4
     6       70           4
     6       71           1
     6       73           1
     6       77           1
     6       79           3
     6       85           3
     6       94           2
     7       13           1
     7       29           4
     7       36           1
     7       37           0
     7       43           2
     7       45           2
     7       64           2
     7       95           2
     8       20           1
     8       27           3
     8       31           4
     8       41           4
     8       45           2
     8       66           3
     8       68           1
     8       72           1
     8       93           0
     9       23           3
     9       27           3
     9       32           1
     9       41           2
     9       69           3
     9       84           2
     9       93           4
    10        7           0
    10       20           4
    10       21           1
    10       31           1
    10       32           4
    10       38           1
    10       40           4
    10       43           3
    10       49           1
    10       67           0
    10       69           2
    10       82           0
    10       84           0
    10       86           3
    10       93           2
    11       23           2
    11       24           1
    11       52           2
    11       78           1
    11       79           2
    12        5           2
    12        6           0
    12       20           3
    12       25           4
    12       29           0
    12       31           0
    12       38           2
    12       40           1
    12       43           3
    12       47           0
    12       50           2
    12       51           0
    12       55           4
    12       59           3
    12       81           3
    13       10           0
    13       33           3
    13       38           1
    13       54           1
    13       56           0
    13       59           2
    13       67           2
    14        1           2
    14        3           1
    14        4           2
    14       32           3
    14       36           0
    14       38           4
    14       39           3
    14       59           1
    14       65           3
    14       67           4
    14       70           3
    14       88           2
    14       93           3
    14       97           4
    15       14           1
    15       26           3
    15       43           2
    15       45           4
    15       48           2
    15       85           0
    15       90           0
    15       92           4
    15       95           1
    16        2           3
    16        5           3
    16       11           1
    16       18           1
    16       48           4
    16       73           2
    16       79           1
    16       88           2
    16       94           4
    16       98           1
    17        2           4
    17       37           1
    17       42           2
    17       47           4
    17       61           0
    17       68           3
    17       76           3
    17       90           4
    18        6           0
    18       18           2
    18       21           2
    18       39           0
    18       65           3
    18       87           2
    18       91           4
    19        9           4
    19       17           3
    19       19           2
    19       41           3
    19       57           3
    19       60           3
    19       81           1
    19       83           1
    19       85           0
    19       92           3
    20       27           1
    20       43           1
    20       45           2
    20       49           0
    20       52           4
    20       61           1
    20       67           1
    20       68           4
    20       81           1
    20       92           2
    21        7           1
    21       16           4
    21       17           2
    21       31           3
    21       47           0
    21       55           2
    21       62           1
    21       63           3
    21       65           2
    21       66           1
    21       74           3
    21       83           0
    21       84           1
    21       95           3
    21      100           0
    22        1           4
    22       13           4
    22       15           4
    22       16           4
    22       28           3
    22       48           3
    22       50           1
    22       64           0
    22       71           0
    22       79           3
    22       94           3
    23        3           2
    23       15           0
    23       19           2
    23       25           1
    23       30           3
    23       34           1
    23       36           2
    23       48           1
    23       53           0
    23       54           2
    23       73           1
    23       82           2
    23       90           0
    23       96           4
    24        5           2
    24       18           2
    24       48           2
    24       63           1
    24       66           4
    24       77           0
    24       86           1
    24       95           2
    24      100           1
    25       15           4
    25       22           1
    25       24           2
    25       35           0
    25       37           4
    25       38           0
    25       55           3
    25       70           2
    25       73           4
    25       78           1
    25       83           3
    25       95           1
    25       96           0
    25      100           4
    26       11           2
    26       18           4
    26       28           0
    26       34           2
    26       37           2
    26       42           0
    26       51           0
    26       71           2
    26       75           4
    26       79           3
    26       96           4
    27        3           1
    27       28           3
    27       32           3
    27       55           1
    27       76           2
    27       89           2
    27       91           1
    28       16           3
    28       22           2
    28       25           1
    28       71           0
    28       90           4
    28       97           1
    29       37           1
    29       46           4
    29       48           0
    29       55           4
    29       60           3
    29       64           3
    29      100           2
    30       36           1
    30       47           1
    30       78           1
    30       86           1
    31       14           4
    31       26           2
    31       29           0
    31       34           0
    31       40           2
    31       70           2
    32        4           3
    32       12           3
    32       22           1
    32       35           0
    32       41           0
    32       44           2
    32       51           0
    32       57           0
    32       61           3
    32       65           0
    32       71           0
    32       86           1
    33        8           0
    33       15           2
    33       27           0
    33       38           3
    33       44           1
    33       74           2
    33       77           1
    33       80           0
    33       84           0
    33       85           0
    33       99           1
    34       13           4
    34       35           1
    34       55           1
    34       56           1
    34       66           0
    34       98           3
    34      100           2
    35        6           0
    35       46           4
    35       67           2
    35       73           1
    35       74           1
    35       77           3
    35       82           2
    35       85           1
    35       91           2
    35      100           0
    36        7           0
    36       23           0
    36       29           4
    36       36           0
    36       37           3
    36       38           3
    36       39           0
    36       51           1
    36       52           0
    36       61           2
    36       64           3
    36       68           0
    36       78           3
    36       87           3
    36       91           3
    36       97           3
    36       98           3
    37       35           1
    37       42           0
    37       58           0
    37       59           4
    37       61           3
    37       66           0
    37       76           3
    37       82           2
    37       87           1
    37       90           1
    38        1           4
    38       10           3
    38       11           4
    38       17           0
    38       27           2
    38       36           2
    38       53           0
    38       56           2
    38       66           0
    38       71           1
    38       75           1
    38       76           3
    38       79           3
    38       88           1
    38       91           4
    38       93           1
    38       97           0
    39       46           1
    39       77           3
    39       86           1
    39       98           3
    39      100           2
    40       10           0
    40       34           1
    40       60           0
    40       98           0
    41        5           4
    41        9           2
    41       19           1
    41       21           3
    41       22           3
    41       26           3
    41       27           4
    41       28           2
    41       37           3
    41       45           4
    41       53           2
    41       60           3
    41       62           0
    41       94           1
    42        8           0
    42       12           2
    42       24           1
    42       54           2
    42       56           0
    42       57           0
    42       68           2
    42       80           0
    43        8           3
    43       23           1
    43       48           2
    43       52           4
    43       58           0
    43       60           2
    43       65           2
    43       78           3
    43       85           1
    43       99           0
    44       24           2
    44       32           3
    44       39           2
    44       47           2
    44       50           2
    44       60           3
    44       92           4
    44       99           3
    44      100           2
    45        3           1
    45       20           3
    45       26           0
    45       37           3
    45       41           3
    45       42           1
    45       44           0
    45       46           3
    45       56           3
    45       64           2
    45       69           3
    45       70           3
    45       72           0
    45       89           1
    46        8           0
    46       29           0
    46       33           4
    46       40           4
    46       42           0
    46       50           3
    46       55           4
    46       62           4
    46       68           1
    46       73           4
    47        5           1
    47       22           4
    47       23           4
    47       25           0
    47       29           0
    47       35           0
    47       49           0
    47       51           0
    47       55           2
    47       72           2
    47       84           0
    47       87           4
    47       89           0
    47       96           1
    47       98           3
    48        2           2
    48       12           0
    48       14           1
    48       18           4
    48       19           2
    48       27           3
    48       52           0
    48       53           0
    48       57           4
    48       63           0
    48       81           1
    48       87           0
    49        4           3
    49        7           2
    49       10           2
    49       11           4
    49       12           2
    49       24           1
    49       43           4
    49       49           3
    50       21           2
    50       63           0
    50       65           3
    50       74           2
    50       79           0
    50       86           4
    50       96           1
    50       97           1
