     1        2           1
     1       23           1
     1       30           4
     1       39           3
     1       48           1
     1       59           2
     1       67           1
     2       22           2
     2       24           1
     2       25           4
     2       42           3
     2       44           1
     2       65           4
     2       80           3
     2       89           4
     2       94           2
     3       23           4
     3       39           3
     3       43           3
     3       45           2
     3       46           4
     3       50           1
     3       60           4
     3       74           0
     3       78           4
     3       87           3
     3       89           1
     3       96           0
     3       97           1
     4        1           2
     4       37           0
     4       40           0
     4       42           4
     4       44           3
     4       53           3
     4       57           1
     4       61           3
     4       88           1
     4       91           1
     4       94           2
     5       25           2
     5       28           3
     5       36           0
     5       43           3
     5       44           4
     5       51           0
     5       57           1
     5       58           1
     5       66           4
     5       83           4
     6        8           2
     6       14           4
     6       15           1
     6       21           0
     6       28           0
     6       30           2
     6       52           1
     6       65           0
     6       87           4
     6       90           4
     6       92           2
     7        4           1
     7       10           4
     7       18           3
     7       20           2
     7       21           3
     7       27           2
     7       45           4
     7       60           3
     7       64           4
     7       85           0
     8        5           4
     8       51           4
     8       60           0
     8       68           4
     8       81           4
     8       84           4
     8       87           4
     8       95           0
     9        6           1
     9       11           0
     9       16           1
     9       17           0
     9       21           3
     9       24           4
     9       31           1
     9       32           2
     9       38           3
     9       45           1
     9       62           0
     9       65           4
     9       67           2
     9       68           2
     9       77           2
     9       88           0
    10        3           4
    10       11           4
    10       25           4
    10       62           2
    10       66           0
    10       67           1
    10       69           0
    10       71           2
    10       72           1
    10       81           4
    10       93           1
    11        7           0
    11        8           0
    11       12           3
    11       22           4
    11       37           3
    11       75           3
    11       91           3
    11       94           3
    11       95           1
    11       97           1
    12        4           2
    12       33           3
    12       54           2
    12       65           2
    12       84           1
    12       98           1
    13        7           0
    13       24           1
    13       39           1
    13       43           0
    13       44           2
    13       46           3
    13       49           4
    13       52           3
    13       54           3
    13       75           2
    13       98           2
    14        8           2
    14       15           2
    14       19           3
    14       37           3
    14       47           0
    14       68           1
    14       70           1
    14       96           4
    15       13           1
    15       32           2
    15       41           3
    15       50           2
    15       59           0
    15       96           4
    15      100           3
    16        8           1
    16       20           1
    16       26           0
    16       28           3
    16       53           4
    16       54           3
    16       55           4
    16       73           2
    16       76           0
    16       85           1
    16       98           4
    16      100           3
    17        5           2
    17       12           2
    17       19           2
    17       32           2
    17       55           1
    17       57           1
    17       71           3
    17       88           2
    17       90           3
    17       92           2
    18       10           1
    18       16           3
    18       34           0
    18       42           4
    18       51           0
    18       52           3
    18       88           0
    19       26           0
    19       29           1
    19       31           3
    19       35           1
    19       40           3
    19       45           3
    19       46           0
    19       51           0
    20        6           3
    20       14           0
    20       15           1
    20       53           1
    20       54           1
    20       55           3
    20       69           1
    20       70           1
    20       71           1
    20       76           3
    20       84           0
    20       85           1
    21       13           2
    21       28           4
    21       30           2
    21       31           0
    22       25           3
    22       31           0
    22       34           0
    22       51           1
    22       72           1
    22       73           0
    22       77           2
    22       82           2
    22       83           0
    22       84           1
    22       92           0
    23        2           1
    23        4           0
    23       16           4
    23       50           1
    23       63           3
    23       72           2
    23       74           0
    23       79           4
    23       82           4
    23       86           2
    23       88           3
    23       99           4
    24       14           2
    24       19           0
    24       56           2
    24       71           1
    24       73           1
    24       83           3
    24       90           4
    24       95           2
    25        1           3
    25       10           3
    25       18           4
    25       40           3
    25       53           1
    25       59           1
    25       82           0
    26        4           0
    26       29           0
    26       30           0
    26       50           2
    26       55           2
    26       61           1
    26       63           0
    26       70           4
    26       75           3
    26       83           3
    26       84           0
    27        6           2
    27       15           0
    27       18           0
    27       45           2
    27       47           2
    27       48           2
    27       56           0
    27       67           2
    27       74           0
    27       87           1
    28        4           3
    28        5           3
    28       21           4
    28       28           0
    28       30           2
    28       33           4
    28       37           2
    28       46           4
    28       55           4
    28      100           4
    29        1           2
    29        5           1
    29       21           1
    29       27           2
    29       30           4
    29       31           1
    29       33           2
    29       47           2
    29       49           2
    29       61           2
    29       64           4
    29       76           2
    29       81           2
    30        1           1
    30        3           4
    30       10           4
    30       26           2
    30       27           3
    30       41           1
    30       50           3
    30       68           1
    30       87           1
    30       95           4
    30       96           3
    31        2           4
    31       20           3
    31       21           2
    31       36           2
    31       38           3
    31       39           4
    31       55           4
    31       58           2
    31       76           0
    31       94           4
    32        7           2
    32       32           3
    32       37           3
    32       42           2
    32       59           1
    32       63           3
    32       65           0
    32       79           4
    32       86           3
    32       89           0
    33        1           2
    33       11           4
    33       17           4
    33       19           1
    33       64           4
    33       86           2
    33       95           1
    33       98           2
    34       31           4
    34       56           3
    34       78           0
    34       86           2
    34       87           2
    34       88           1
    35        1           4
    35       11           0
    35       27           4
    35       34           1
    35       67           2
    35       78           1
    35       85           4
    35       97           2
    35       98           0
    36        7           4
    36        9           1
    36       10           1
    36       26           0
    36       41           4
    36       56           4
    36       77           0
    37        3           3
    37       41           0
    37       48           3
    37       55           3
    37       58           4
    37       59           3
    37       62           3
    37       78           2
    37       79           1
    38        3           1
    38        6           0
    38        9           0
    38       34           0
    38       47           2
    38       49           4
    38       50           1
    38       51           0
    38       69           1
    38       70           1
    38       79           1
    39       10           2
    39       33           1
    39       38           0
    39       58           1
    39       59           0
    39       71           4
    39       99           2
    40        2           1
    40        4           4
    40       16           0
    40       20           0
    40       27           1
    40       36           3
    40       40           3
    40       42           1
    40       68           1
    40       75           3
    40       82           1
    40       85           1
    41        2           4
    41       20           1
    41       35           4
    41       41           0
    41       55           3
    41       57           2
    41       58           4
    41       60           4
    41       70           0
    41       71           1
    41       74           4
    41       78           4
    41       96           2
    41       97           2
    41      100           3
    42        2           2
    42       12           0
    42       16           2
    42       25           2
    42       30           2
    42       36           2
    42       39           2
    42       44           4
    42       52           0
    42       81           4
    43        3           1
    43        6           4
    43       14           1
    43       20           1
    43       22           4
    43       52           0
    43       60           3
    43       81           0
    43       85           4
    43       88           2
    43       90           2
    43       91           0
    44       12           4
    44       18           3
    44       31           0
    44       35           1
    44       38           2
    44       43           2
    44       61           4
    44       80           0
    44       88           0
    44       90           4
    45        8           1
    45       32           0
    45       36           1
    45       43           1
    45       46           3
    45       50           3
    45       76           1
    45       86           0
    45       94           4
    46       23           3
    46       26           4
    46       39           4
    46       50           2
    46       54           2
    46       57           2
    46       63           1
    46       64           4
    46       83           0
    46       86           1
    46       99           0
    46      100           0
    47       29           0
    47       32           0
    47       35           2
    47       92           1
    47       99           0
    47      100           0
    48        6           4
    48       31           3
    48       44           3
    48       51           2
    48       52           4
    48       69           4
    48       72           2
    48       79           2
    48       91           2
    48       99           2
    49       27           3
    49       53           2
    49       74           4
    49       75           4
    49       77           3
    49      100           4
    50       13           3
    50       14           4
    50       19           1
    50       34           4
    50       56           4
    50       62           2
    50       75           0
    50       81           0
    50       89           2
    50       91           3
    50       95           1
    50       96           2
