     1        9           1
     1       10           0
     1       15           4
     1       17           0
     1       22           0
     1       33           4
     1       37           1
     1       50           0
     1       51           2
     1       77           3
     2       23           3
     2       53           1
     2       54           3
     2       76           1
     2       84           4
     2       97           4
     3        7           4
     3       10           1
     3       13           2
     3       31           2
     3       39           1
     3       64           4
     3       69           2
     3       78           1
     3       85           1
     3       96           0
     4        1           1
     4        3           3
     4        6           2
     4        7           1
     4       12           1
     4       25           1
     4       33           1
     4       37           3
     4       49           4
     4       66           0
     4       68           2
     4       74           1
     4       84           0
     4       98           4
     5        3           1
     5       25           0
     5       38           4
     5       39           4
     5       40           0
     5       63           0
     5       74           1
     5       99           3
     6        5           0
     6       11           1
     6       20           0
     6       30           4
     6       42           0
     6       49           0
     6       74           0
     7        4           4
     7        7           1
     7       12           1
     7       21           0
     7       26           4
     7       34           2
     7       39           4
     7       40           4
     7       53           4
     7       63           2
     7       85           4
     7       93           0
     8        6           0
     8       18           1
     8       24           4
     8       30           2
     8       39           2
     8       47           0
     8       56           1
     8       57           2
     8       59           2
     8       62           3
     8       64           4
     8       68           2
     8       75           1
     9       17           2
     9       20           0
     9       50           2
     9       51           3
     9       64           2
     9       86           0
     9       99           4
    10       10           4
    10       18           0
    10       57           4
    10       59           1
    10       67           2
    10       72           3
    10       79           3
    10       93           0
    10       95           2
    11       18           2
    11       27           0
    11       31           0
    11       34           1
    11       51           1
    11       69           4
    11       87           0
    11       90           2
    11       91           1
    11       97           1
    12        4           1
    12       35           1
    12       42           2
    12       48           0
    12       71           1
    12       75           0
    12       81           4
    12       91           2
    12       93           3
    13        7           0
    13       13           0
    14        5           4
    14       16           2
    14       34           4
    14       38           3
    14       47           1
    14       50           0
    14       80           0
    14       83           4
    14       86           1
    14       94           4
    15        5           0
    15       20           2
    15       33           1
    15       52           0
    15       55           3
    15       88           1
    15       95           3
    16        2           4
    16        5           1
    16       26           3
    16       54           2
    16       58           4
    16       69           4
    16       84           1
    16       91           3
    16       99           2
    16      100           4
    17        8           1
    17        9           2
    17       18           2
    17       19           1
    17       21           4
    17       22           3
    17       25           4
    17       29           2
    17       33           4
    17       38           4
    17       48           4
    17       54           4
    17       58           2
    17       69           4
    17       70           4
    17       80           1
    17       88           0
    17       89           0
    17       92           2
    17       93           1
    18       25           3
    18       40           1
    18       43           0
    18       61           4
    18       65           3
    18       84           4
    18       89           1
    19       15           1
    19       46           3
    19       60           4
    19       68           3
    19       83           3
    19       84           4
    19       89           0
    20        4           4
    20        6           2
    20       14           0
    20       16           0
    20       28           2
    20       40           2
    20       51           3
    20       62           4
    20       63           2
    20       83           0
    20       94           0
    21       12           0
    21       23           4
    21       27           0
    21       53           2
    21       54           1
    21       83           1
    21       86           1
    22        3           1
    22       56           3
    22       72           3
    22       76           1
    22       79           4
    22       94           1
    23        2           0
    23       11           0
    23       17           3
    23       24           1
    23       42           0
    23       45           2
    23       48           3
    23       49           4
    23       56           1
    23       57           2
    23       67           1
    23       72           2
    23       77           4
    23       79           4
    23       92           1
    24       38           0
    24       41           0
    24       44           3
    24       47           4
    24       52           0
    24       53           0
    24       58           1
    24       63           1
    24       70           3
    24       71           4
    24       73           3
    24       93           4
    24      100           3
    25        2           1
    25        4           0
    25       10           4
    25       28           3
    25       30           0
    25       42           1
    25       47           3
    25       75           2
    25       86           2
    25       89           0
    25       98           2
    26        1           1
    26        3           3
    26        8           3
    26       11           2
    26       21           1
    26       56           2
    26       73           3
    26       78           4
    26       95           1
    27        8           3
    27       16           0
    27       28           3
    27       40           2
    27       45           0
    27       46           0
    27       48           3
    27       55           2
    27       79           1
    27       85           4
    28        1           1
    28        4           3
    28       32           1
    28       49           3
    28       53           3
    28       65           2
    28       66           3
    28       69           0
    28       71           0
    28       82           0
    28       83           4
    29       14           0
    29       16           4
    29       33           1
    29       34           3
    29       36           3
    29       37           3
    29       41           1
    29       47           3
    29       74           4
    30       23           4
    30       26           2
    30       27           4
    30       31           2
    30       35           2
    30       44           1
    30       45           4
    30       65           4
    30       85           1
    31        9           2
    31       17           2
    31       24           1
    31       41           3
    31       46           4
    31       53           1
    31       64           3
    31       80           2
    31       93           2
    31       94           1
    31       95           2
    31       96           2
    32        3           1
    32        5           1
    32       11           4
    32       27           2
    32       28           0
    32       29           4
    32       32           0
    32       36           4
    32       53           1
    32       57           3
    32       60           4
    33       19           0
    33       29           2
    33       35           1
    33       43           1
    33       56           0
    33       69           3
    33       71           4
    33       78           1
    33       98           0
    34        1           0
    34        6           2
    34       17           2
    34       51           4
    34       53           0
    34       63           4
    34       64           1
    34       65           4
    34       80           0
    34       81           4
    34       84           0
    34       92           4
    35       11           1
    35       20           1
    35       42           1
    35       52           2
    35       65           1
    35       95           3
    36        4           4
    36       16           2
    36       20           1
    36       24           3
    36       25           0
    36       50           3
    36       55           1
    36       59           0
    36       74           1
    36       96           2
    37       15           1
    37       21           3
    37       22           0
    37       33           4
    37       53           3
    37       58           4
    37       59           1
    37       62           3
    37       70           4
    37       72           4
    37       76           4
    37       82           2
    37       87           0
    37       88           2
    37       98           4
    38        5           3
    38        6           0
    38       41           0
    38       42           4
    38       43           0
    38       46           4
    38       47           0
    38       65           4
    38       79           4
    38       80           1
    38       81           4
    39        2           2
    39       14           4
    39       17           0
    39       22           2
    39       26           3
    39       27           0
    39       35           1
    39       63           1
    39       68           1
    39       73           4
    39       87           4
    39       88           0
    40        3           3
    40        7           1
    40       10           0
    40       49           2
    40       52           0
    40       68           4
    40       76           1
    40      100           2
    41       13           4
    41       30           2
    41       55           3
    41       78           4
    41       84           0
    41       90           4
    42       15           2
    42       30           1
    42       37           4
    42       45           2
    42       58           3
    42       60           1
    42       74           0
    42       75           4
    42       96           2
    42       97           2
    43       12           1
    43       17           4
    43       79           1
    43       81           2
    43       85           0
    43       90           4
    43       92           0
    44       25           0
    44       57           4
    44       58           2
    44       73           0
    44       86           3
    44       95           3
    45        5           4
    45        7           3
    45       18           4
    45       21           4
    45       43           2
    45       59           1
    45       62           3
    45       63           2
    45       76           1
    45       77           4
    45       86           2
    45       87           2
    46       30           1
    46       46           0
    46       48           4
    46       50           2
    46       76           3
    46       85           4
    46       93           3
    47       23           4
    47       28           1
    47       32           3
    47       36           2
    47       41           4
    47       44           0
    47       50           1
    47       57           0
    47       65           2
    47       81           3
    47       82           3
    48       30           1
    48       41           0
    48       43           3
    48       57           2
    48       66           4
    48       82           2
    48       88           3
    48       96           0
    49        1           1
    49        2           3
    49       10           4
    49       17           4
    49       19           1
    49       26           0
    49       31           1
    49       37           1
    49       65           2
    49       74           4
    49       83           4
    49       94           2
    49       96           4
    50       21           1
    50       29           3
    50       43           3
    50       71           2
    50       72           3
    50       77           1
    50       83           1
    50      100           3
