     1       17           3
     1       18           3
     1       26           0
     1       33           0
     1       36           3
     1       38           2
     1       40           0
     1       44           3
     1       54           4
     1       65           0
     1       67           4
     1       75           4
     1       78           2
     2        4           2
     2       27           0
     2       34           3
     2       35           1
     2       37           3
     2       41           4
     2       45           1
     2       78           2
     2       90           1
     2      100           2
     3       38           2
     3       60           2
     3       64           1
     3       70           3
     3       71           2
     3       74           3
     3       85           0
     3       99           3
     4        3           3
     4       13           0
     4       29           3
     4       48           1
     4       59           4
     4       74           3
     4       79           1
     4       96           1
     5        7           1
     5       11           0
     5       18           3
     5       20           1
     5       21           1
     5       23           3
     5       25           3
     5       28           0
     5       41           1
     5       46           0
     5       56           2
     5       66           3
     5       72           3
     5       83           1
     5       88           3
     5       91           1
     5       94           3
     5       95           2
     6       12           3
     6       17           4
     6       21           2
     6       29           4
     6       31           1
     6       35           4
     6       39           1
     6       44           3
     6       60           2
     6       72           0
     6       95           2
     6       97           4
     7       13           3
     7       33           2
     7       45           0
     7       56           4
     7       63           0
     7       64           1
     7       68           0
     7       72           4
     7       80           1
     7       89           4
     8       23           2
     8       25           2
     8       30           0
     8       55           0
     8       66           4
     8       72           3
     8       73           1
     8       75           3
     8       79           3
     8       80           3
     9       15           2
     9       18           1
     9       25           3
     9       34           3
     9       49           1
     9       50           1
     9       51           4
     9       56           0
     9       93           0
     9       95           1
     9       97           3
     9       99           4
    10        4           1
    10        8           4
    10       22           0
    10       29           1
    10       37           2
    10       42           2
    10       59           1
    10       64           3
    10       68           0
    10       72           2
    10       73           2
    10       84           3
    10       85           3
    11        2           2
    11        9           2
    11       17           2
    11       28           4
    11       30           0
    11       39           0
    11       41           1
    11       44           4
    11       47           2
    11       67           3
    11       69           3
    11       79           3
    11       84           4
    11       85           0
    11       89           4
    11       94           1
    12        2           2
    12       10           2
    12       16           3
    12       48           0
    12       57           0
    12       62           1
    12       91           0
    13        7           1
    13       27           3
    13       47           3
    13       53           4
    13       57           3
    13       59           1
    13       66           4
    13       96           3
    13       97           1
    13       99           2
    13      100           3
    14       35           2
    14       53           3
    14       60           1
    14       69           3
    14       82           2
    14       91           3
    14       99           0
    15        2           2
    15       27           3
    15       35           3
    15       40           2
    15       54           2
    15       57           4
    15       65           2
    15       67           1
    15       74           4
    15       75           0
    15       94           1
    16        5           4
    16       12           3
    16       32           2
    16       52           0
    16       53           0
    16       76           0
    16       80           3
    17        5           3
    17       36           1
    17       39           3
    18        1           4
    18       21           1
    18       22           3
    18       31           0
    18       35           0
    18       41           0
    18       44           0
    18       50           2
    18       53           1
    18       70           4
    18       80           3
    18       84           3
    18       98           4
    19       14           2
    19       23           3
    19       26           0
    19       27           4
    19       39           1
    19       45           2
    19       55           1
    19       87           1
    19       93           0
    19       97           2
    20        5           1
    20       26           3
    20       30           2
    20       33           1
    20       46           4
    20       61           0
    20       82           0
    21       11           1
    21       44           0
    21       54           1
    21       70           0
    21       79           4
    21       81           2
    21       84           3
    21       88           4
    22        2           3
    22        9           2
    22       13           1
    22       14           4
    22       15           4
    22       16           2
    22       24           1
    22       32           1
    22       58           1
    22       73           0
    22       77           4
    22       81           2
    22       86           4
    22       89           0
    23        1           1
    23        4           3
    23        7           1
    23       12           0
    23       31           4
    23       37           2
    23       38           4
    23       42           0
    23       48           2
    23       49           3
    23       64           0
    23       67           1
    23       79           4
    23       89           2
    24       17           2
    24       21           1
    24       24           3
    24       43           2
    24       54           2
    24       64           0
    24       69           0
    24       83           3
    24       95           3
    25        1           0
    25        2           4
    25        6           3
    25        7           4
    25       13           1
    25       14           3
    25       30           2
    25       31           3
    25       65           2
    25       80           2
    25       85           4
    25       97           1
    26        8           3
    26       18           4
    26       19           0
    26       20           3
    26       24           4
    26       45           3
    26       51           4
    26       76           2
    26       84           0
    26       86           2
    26       88           1
    27        3           4
    27       15           4
    27       22           4
    27       29           3
    27       49           3
    27       52           2
    27       58           3
    27       65           4
    27       73           2
    27       75           4
    27       76           3
    27       78           1
    27       82           2
    27       94           4
    27       98           3
    28        5           2
    28        9           4
    28       30           4
    28       38           3
    28       56           2
    28       77           1
    28       81           2
    28       83           1
    28       92           4
    29        6           2
    29       11           1
    29       19           0
    29       25           2
    29       56           2
    29       67           4
    29       92           3
    29      100           0
    30        3           4
    30        5           1
    30        6           1
    30        7           0
    30       11           3
    30       17           1
    30       31           2
    30       98           2
    31        1           2
    31        5           2
    31        6           1
    31       13           3
    31       22           3
    31       50           4
    31       58           4
    31       72           1
    32        2           0
    32       12           4
    32       24           0
    32       29           4
    32       45           3
    32       51           4
    32       63           0
    33        5           2
    33       15           0
    33       28           4
    33       55           4
    33       75           1
    33       85           3
    33      100           0
    34       12           0
    34       23           3
    34       26           0
    34       36           4
    34       37           2
    34       52           1
    34       70           2
    34       75           2
    34       77           1
    34       78           4
    34       87           0
    35        8           1
    35       13           1
    35       28           3
    35       48           3
    35       57           0
    35       70           1
    35       71           4
    35       84           1
    35       91           4
    35       92           1
    35       94           1
    35       95           4
    36        5           3
    36       10           1
    36       18           3
    36       47           2
    36       52           0
    36       59           0
    36       72           2
    36       79           3
    36       84           2
    36       87           1
    36       96           1
    36       97           0
    36       98           3
    37        9           4
    37       14           1
    37       18           3
    37       27           2
    37       32           3
    37       39           2
    37       42           1
    37       53           0
    37       65           3
    37       73           1
    37       87           1
    37       89           4
    37       94           3
    38        4           2
    38        6           1
    38       13           1
    38       30           3
    38       32           4
    38       33           4
    38       40           1
    38       62           4
    38       63           2
    38       74           1
    38       83           2
    38       84           0
    38       98           0
    39        1           0
    39       31           2
    39       35           0
    39       69           2
    39       70           2
    39       72           4
    40        1           1
    40        7           0
    40       20           3
    40       24           1
    40       55           1
    40       59           4
    40       74           2
    41       28           3
    41       43           3
    41       44           2
    41       58           0
    41       61           1
    41       62           1
    41       73           2
    41       81           2
    41       86           0
    41       93           0
    42        1           0
    42        3           0
    42       15           1
    42       20           1
    42       32           1
    42       38           2
    42       49           2
    42       89           2
    43        6           4
    43        7           2
    43       17           1
    43       23           4
    43       54           3
    43       58           1
    43       61           4
    43       64           1
    43       65           3
    43       90           1
    43       96           4
    44       13           1
    44       20           3
    44       28           2
    44       60           3
    44       85           2
    44       92           2
    45       17           1
    45       19           0
    45       36           1
    45       37           1
    45       42           4
    45       61           0
    45       66           2
    45       93           2
    46        9           0
    46       30           3
    46       51           2
    46       61           1
    46       64           3
    46       70           1
    46       88           4
    46       96           2
    47       10           4
    47       16           0
    47       24           2
    47       26           1
    47       43           3
    47       52           3
    47       86           3
    47       88           3
    48       16           1
    48       21           1
    48       22           2
    48       25           2
    48       42           2
    48       50           4
    48       65           1
    48       67           1
    48       68           1
    48       74           3
    48       82           3
    48       85           0
    48       86           4
    48       87           3
    48       96           1
    48       97           4
    49       18           4
    49       26           0
    49       62           0
    49       67           2
    49       69           4
    49       71           2
    49       76           0
    49       79           4
    50        3           4
    50        9           4
    50       20           0
    50       41           1
    50       81           2
    50       90           3
    50       95           2
