     1        1           4
     1        4           2
     1       19           1
     1       30           2
     1       36           4
     1       49           3
     1       55           4
     1       60           3
     1       74           4
     1       77           4
     1       91           4
     2        5           2
     2       13           1
     2       14           4
     2       26           0
     2       39           4
     2       45           2
     2       48           2
     2       64           4
     2       67           0
     2       68           4
     2       71           4
     2       76           2
     2       82           2
     2       85           2
     2       87           4
     3       14           4
     3       28           2
     3       32           0
     3       33           1
     3       34           3
     3       42           4
     3       47           1
     3       49           0
     3       72           2
     3       91           2
     3       92           3
     3       98           2
     4       20           3
     4       23           4
     4       32           1
     4       70           3
     4       81           2
     4       92           0
     5        3           3
     5        5           4
     5        6           3
     5       15           4
     5       53           0
     5       56           2
     5       60           1
     5       67           3
     5       70           1
     5       85           3
     5       93           1
     5       95           4
     5       96           1
     6       32           0
     6       53           2
     6       66           2
     6       74           0
     6       78           0
     6       85           0
     6       86           2
     7        6           4
     7       11           0
     7       28           3
     7       29           0
     7       30           4
     7       35           0
     7       38           2
     7       41           0
     7       50           3
     7       56           0
     7       73           0
     7       79           2
     7       91           1
     7       95           2
     8        6           3
     8       12           0
     8       13           3
     8       19           1
     8       54           1
     8       55           3
     8       58           2
     8       63           1
     8       66           1
     8       98           1
     9       22           1
     9       30           1
     9       40           4
     9       42           4
     9       52           1
     9       61           2
     9       62           0
     9       95           3
     9       96           0
     9       99           0
    10       11           3
    10       14           0
    10       16           2
    10       30           1
    10       31           0
    10       34           2
    10       45           4
    10       48           3
    10       58           4
    10       74           4
    10       97           4
    11       10           4
    11       11           3
    11       34           3
    11       44           3
    11       57           2
    11       58           0
    11       69           1
    11       79           0
    11       82           3
    11       88           4
    11      100           4
    12        7           0
    12       22           1
    12       28           4
    12       32           3
    12       33           1
    12       40           1
    12       47           2
    12       55           3
    12       56           0
    12       57           4
    12       65           1
    12       74           2
    12       79           3
    12       80           0
    12       82           4
    12       84           3
    12       86           0
    12       87           1
    12       90           1
    13       16           3
    13       20           2
    13       44           0
    13       46           3
    13       61           2
    13       81           1
    13       84           4
    13       94           2
    13       95           3
    13       99           2
    14       15           3
    14       16           3
    14       31           4
    14       67           2
    14       84           4
    14       94           0
    15        3           0
    15       25           3
    15       35           4
    15       43           1
    15       50           0
    15       70           2
    15       75           2
    15       89           0
    16       29           1
    16       36           3
    16       52           1
    16       54           2
    16       56           3
    16       82           2
    16       93           3
    17       26           2
    17       27           3
    17       39           4
    17       42           4
    17       49           1
    17       55           3
    17       66           2
    17       78           4
    17       81           1
    17       83           3
    17       91           0
    17       97           0
    18       33           3
    18       37           1
    18       38           3
    18       52           2
    18       74           2
    18       76           4
    18       82           1
    18       83           2
    18       90           0
    18      100           1
    19        2           4
    19        3           4
    19       12           0
    19       18           2
    19       23           0
    19       32           4
    19       40           3
    19       48           2
    19       61           0
    19       63           0
    19       67           3
    19       73           1
    19       80           4
    19       85           0
    19       95           0
    20       11           2
    20       17           4
    20       46           4
    20       52           2
    20       67           2
    20       72           2
    20      100           0
    21        2           2
    21        6           2
    21       36           0
    21       43           0
    21       46           4
    21       52           0
    21       58           1
    21       89           2
    21       92           4
    22        1           0
    22        5           1
    22        8           0
    22       10           2
    22       22           3
    22       23           1
    22       29           4
    22       42           1
    22       70           2
    22       88           0
    22       89           1
    22       90           2
    23        2           1
    23        4           2
    23        9           3
    23       12           3
    23       24           2
    23       25           3
    23       40           0
    23       41           3
    23       45           2
    23       66           3
    23       84           2
    24        7           0
    24       27           0
    24       31           1
    24       34           0
    24       42           4
    24       57           4
    24       67           2
    24       78           0
    24       87           1
    24       88           2
    24       92           0
    24      100           3
    25       28           0
    25       44           0
    25       47           0
    25       68           2
    25       73           3
    26       19           3
    26       26           1
    26       31           2
    26       35           0
    26       42           2
    26       44           2
    26       49           4
    26       56           0
    26       59           1
    26       62           1
    26       65           3
    26       67           3
    26       77           3
    26       94           3
    26       97           4
    27        8           3
    27       11           0
    27       17           2
    27       22           0
    27       28           2
    27       48           0
    27       54           3
    27       75           0
    27       88           4
    28        7           1
    28       25           3
    28       28           3
    28       35           0
    28       40           2
    28       47           4
    28       57           0
    28       60           2
    28       63           4
    28       71           1
    29        7           2
    29       49           1
    29       56           2
    29       58           1
    29       65           3
    29       90           3
    30       12           4
    30       13           4
    30       18           4
    30       22           4
    30       34           3
    30       37           4
    30       48           2
    30       51           1
    30       87           3
    30       91           0
    31        9           2
    31       13           4
    31       25           1
    31       26           2
    31       32           0
    31       42           4
    31       52           2
    31       72           3
    31       82           0
    31       84           3
    31       88           1
    31       90           3
    31       92           1
    32       29           4
    32       38           2
    32       39           1
    32       44           1
    32       50           3
    32       51           2
    32       54           0
    32       55           2
    32       63           4
    32       64           2
    32       75           2
    32       76           4
    32       82           0
    32       85           2
    32       86           2
    32       93           4
    33        9           3
    33       42           2
    33       49           3
    33       53           0
    33       69           0
    33       90           2
    33       96           3
    33       97           3
    34        4           1
    34        9           4
    34       15           4
    34       17           4
    34       21           1
    34       25           3
    34       43           0
    34       51           4
    34       55           4
    34       62           4
    34       88           2
    35        1           4
    35        2           3
    35       10           4
    35       14           3
    35       17           1
    35       22           4
    35       38           4
    35       65           4
    35       89           1
    35       92           2
    35       98           2
    36       10           2
    36       17           4
    36       18           1
    36       43           1
    36       49           4
    36       59           1
    36       62           1
    36       69           2
    36       74           0
    36       77           1
    36       84           1
    37       21           3
    37       24           3
    37       59           4
    37       67           4
    37       84           0
    37       99           2
    38       34           3
    38       40           0
    38       56           4
    38       62           4
    38       65           0
    38       66           2
    38       70           3
    38       72           1
    38       76           1
    38       79           2
    38       85           3
    38       92           4
    38       95           0
    39        7           1
    39       26           3
    39       29           1
    39       47           0
    39       52           3
    40        8           4
    40       20           3
    40       23           0
    40       26           1
    40       28           4
    40       30           2
    40       36           2
    40       37           2
    40       43           0
    40       54           3
    40       60           4
    40       68           2
    40       76           4
    40       80           1
    40       94           3
    41       10           2
    41       12           2
    41       14           3
    41       58           0
    41       63           0
    41       68           2
    41       77           1
    41       89           3
    41      100           4
    42        4           0
    42       14           0
    42       18           4
    42       21           0
    42       26           4
    42       27           2
    42       39           1
    42       62           4
    42       72           1
    42       83           4
    42       87           3
    42       89           0
    42       91           2
    43        4           4
    43       10           4
    43       20           3
    43       21           4
    43       43           4
    43       64           1
    43       68           1
    43       71           2
    43       89           3
    43       94           4
    43       95           2
    43       96           4
    44        6           2
    44        8           0
    44       18           3
    44       19           0
    44       45           3
    44       78           2
    44       94           2
    45        7           2
    45       15           2
    45       21           4
    45       22           2
    45       23           1
    45       29           4
    45       30           1
    45       39           2
    45       46           2
    45       53           0
    45       68           1
    45       73           2
    45       82           2
    45       83           1
    45       84           2
    45      100           4
    46        5           3
    46        7           3
    46       19           0
    46       28           1
    46       32           2
    46       45           3
    46       51           2
    46       57           1
    46       63           0
    46       79           2
    46       86           3
    46       90           3
    47       10           2
    47       11           3
    47       12           4
    47       15           3
    47       45           1
    47       71           1
    48        2           4
    48       11           0
    48       19           3
    48       24           3
    48       34           1
    48       37           2
    48       73           0
    48       81           1
    48       88           0
    48       91           0
    48       92           1
    49        1           3
    49       14           0
    49       31           2
    49       33           0
    49       69           0
    49       72           2
    49       73           4
    49       75           4
    49       77           4
    49       87           4
    50        3           2
    50       14           2
    50       34           4
    50       43           4
    50       65           4
    50       70           4
