     1        6           0
     1        7           0
     1       10           1
     1       11           1
     1       22           4
     1       54           1
     1       63           1
     1       70           4
     1       76           4
     1       80           4
     1       86           0
     1       90           4
     1       93           3
     1       95           2
     2        5           3
     2        6           3
     2       32           2
     2       56           3
     2       59           4
     2       67           3
     2       68           1
     2       72           0
     2       76           0
     2       89           2
     3        7           0
     3       14           0
     3       15           3
     3       40           2
     3       49           4
     3       85           0
     3       90           3
     4       12           4
     4       15           0
     4       43           0
     4       52           4
     4       53           2
     4       77           2
     4       89           4
     4       97           4
     4      100           1
     5       17           0
     5       19           1
     5       37           1
     5       47           0
     5       84           3
     5       89           0
     5       93           3
     5       98           1
     6       20           3
     6       28           3
     6       42           1
     6       47           3
     6       55           0
     6       65           1
     6       71           0
     6       75           1
     6       80           2
     6       81           1
     6       87           2
     6       92           0
     7        2           0
     7        9           2
     7       11           1
     7       26           0
     7       40           4
     7       55           2
     7       94           4
     8        1           1
     8       11           4
     8       19           1
     8       24           2
     8       33           0
     8       37           3
     8       41           4
     8       54           4
     8       59           0
     8       80           0
     8       84           4
     8       94           4
     9        5           0
     9       12           4
     9       31           1
     9       55           0
     9       57           0
     9       59           0
     9       66           2
     9       73           0
     9       77           4
     9       86           0
     9       98           0
     9       99           4
    10        9           1
    10       19           4
    10       23           3
    10       24           0
    10       25           0
    10       39           3
    10       44           0
    10       46           2
    10       51           2
    10       60           4
    10       67           1
    10       69           0
    10       72           3
    10       79           2
    11       19           4
    11       23           4
    11       25           2
    11       69           1
    11       70           3
    11       72           3
    11       86           0
    12        9           4
    12       19           1
    12       21           2
    12       45           2
    12       46           4
    12       49           4
    12       50           3
    12       63           3
    12       69           1
    12       96           0
    13        1           4
    13        2           3
    13       13           1
    13       14           0
    13       32           3
    13       37           4
    13       46           3
    13       73           3
    13       78           1
    13       92           4
    14        1           4
    14       16           2
    14       17           4
    14       21           0
    14       40           4
    14       61           1
    14       74           2
    14       86           1
    15        2           2
    15        3           2
    15       15           1
    15       32           2
    15       37           1
    15       53           0
    15       56           1
    15       79           0
    15       81           4
    15       90           4
    15       93           2
    15       97           1
    16       30           1
    16       36           3
    16       42           1
    16       43           2
    16       74           3
    16       75           0
    16       84           2
    16       91           3
    17        9           1
    17       10           1
    17       11           4
    17       20           4
    17       21           0
    17       33           1
    17       38           2
    17       45           3
    17       57           1
    17       66           4
    17       74           0
    17       87           1
    17       98           0
    18        1           4
    18        4           1
    18       34           3
    18       36           4
    18       40           2
    18       52           1
    18       62           1
    18       65           0
    18       67           3
    18       78           4
    18       81           4
    18       85           1
    18       95           2
    18       97           0
    19        5           2
    19       11           3
    19       13           0
    19       21           2
    19       33           2
    19       37           0
    19       48           1
    19       73           0
    19       94           3
    19       98           4
    20       10           2
    20       32           3
    20       33           4
    20       60           4
    20       62           2
    20       85           0
    21        6           1
    21       14           2
    21       20           2
    21       29           2
    21       74           2
    21       79           4
    21       87           4
    21       90           2
    21       92           4
    21       96           2
    22        5           0
    22       20           3
    22       34           0
    22       35           0
    22       38           4
    22       40           1
    22       49           1
    22       68           2
    22       71           4
    22       90           0
    22       92           0
    22       95           1
    23        2           1
    23        3           2
    23       22           3
    23       34           1
    23       37           0
    23       47           4
    23       55           1
    23       57           1
    23       98           3
    24        3           2
    24       10           0
    24       20           0
    24       58           3
    24       63           0
    24       81           0
    24       95           3
    25        2           2
    25       10           0
    25       29           3
    25       41           4
    25       44           1
    25       48           0
    25       49           4
    25       50           0
    25       60           1
    25       83           4
    25       96           2
    25       98           4
    26       11           0
    26       36           1
    26       38           4
    26       49           0
    26       64           0
    26       75           1
    26       76           0
    26       78           4
    26       84           1
    26       97           1
    27       17           4
    27       26           4
    27       30           4
    27       34           1
    27       36           1
    27       42           1
    27       52           0
    27       55           0
    27       58           3
    27       63           1
    27       72           3
    28       25           1
    28       28           4
    28       47           3
    28       48           4
    28       50           0
    28       54           2
    28       57           4
    28       75           0
    28       77           2
    28       88           2
    29        5           3
    29       12           0
    29       36           0
    29       42           2
    29       48           4
    29       93           1
    30       12           1
    30       13           3
    30       15           4
    30       16           3
    30       23           1
    30       50           0
    30       54           3
    30       65           0
    30       68           0
    30       93           4
    30      100           0
    31        5           4
    31       10           2
    31       11           4
    31       12           0
    31       16           0
    31       23           0
    31       40           4
    31       43           4
    31       46           3
    31       56           0
    31       57           2
    31       79           4
    32       17           2
    32       22           4
    32       24           4
    32       34           2
    32       47           1
    32       55           1
    32       64           3
    32       69           4
    32       71           4
    32       78           3
    32       83           0
    33        4           2
    33       13           0
    33       14           0
    33       34           0
    33       39           2
    33       42           4
    33       43           3
    33       61           1
    33       62           0
    33       77           4
    33       96           0
    34        5           1
    34       19           1
    34       22           0
    34       25           3
    34       36           0
    34       58           3
    34       60           2
    34       78           1
    34       86           0
    34       92           3
    34       99           4
    34      100           3
    35        2           0
    35       13           4
    35       27           1
    35       31           2
    35       36           3
    35       37           3
    35       39           4
    35       45           0
    35       48           2
    35       63           3
    35       72           4
    35       75           0
    35       82           3
    35       88           4
    35      100           2
    36       28           2
    36       73           1
    36       84           0
    36       97           1
    36       98           4
    37        1           2
    37        4           0
    37        8           4
    37       17           2
    37       29           0
    37       30           2
    37       39           2
    37       41           2
    37       49           1
    37       52           3
    37       89           0
    37       94           4
    38        3           4
    38       18           2
    38       19           0
    38       25           4
    38       33           4
    38       42           1
    38       46           2
    38       64           1
    38       77           1
    38       82           1
    38      100           4
    39        4           2
    39        8           0
    39       10           0
    39       14           4
    39       20           4
    39       29           2
    39       33           4
    39       38           1
    39       60           2
    39       68           1
    39       70           3
    39       89           0
    39       91           1
    39       95           4
    39       96           4
    39      100           4
    40        3           2
    40        6           0
    40       14           4
    40       18           0
    40       20           3
    40       28           3
    40       67           1
    40       73           1
    41        8           2
    41       12           2
    41       16           2
    41       31           4
    41       35           2
    41       40           2
    41       51           3
    41       56           1
    41       61           2
    41       71           4
    41       83           3
    41       87           2
    41       91           1
    41       96           3
    41       98           1
    42        8           2
    42       19           4
    42       32           1
    42       37           1
    42       38           1
    42       58           0
    42       61           3
    42       62           4
    42       68           2
    42       77           3
    42       86           4
    42       87           2
    43        7           2
    43       21           3
    43       51           0
    43       57           4
    43       60           2
    43       64           1
    43       68           3
    43       88           3
    44       12           0
    44       17           3
    44       21           1
    44       24           4
    44       27           3
    44       34           1
    44       35           2
    44       39           1
    44       68           1
    44       76           4
    44       83           4
    44       97           3
    45        7           3
    45       44           2
    45       51           1
    45       53           1
    45       65           3
    45       70           3
    45       71           0
    45       85           0
    45       92           2
    45       93           0
    45       99           0
    46       16           2
    46       41           0
    46       54           2
    46       66           0
    46       74           2
    46       81           4
    47        4           1
    47        7           0
    47       11           4
    47       26           1
    47       36           0
    47       51           4
    47       53           4
    47       65           1
    47       70           2
    47       84           4
    47       85           4
    47       94           4
    47       95           4
    47       96           4
    48       11           0
    48       13           3
    48       17           3
    48       18           3
    48       19           2
    48       26           0
    48       27           1
    48       47           4
    48       50           1
    48       52           3
    48       61           2
    48       63           2
    48       67           4
    48       69           2
    48       80           2
    48       81           4
    48       84           1
    48       97           2
    49        6           3
    49        9           4
    49       14           2
    49       24           1
    49       25           0
    49       27           3
    49       40           0
    49       54           2
    49       56           4
    49       60           1
    49       78           3
    49       84           2
    49       85           1
    50       15           2
    50       21           2
    50       49           0
    50       52           2
    50       59           4
    50       76           0
    50       86           0
    50       93           0
