     1        4           4
     1       15           1
     1       18           0
     1       26           3
     1       29           4
     1       40           1
     1       43           1
     1       67           0
     1       72           4
     1       79           4
     1       90           0
     1       95           1
     2       10           3
     2       12           1
     2       20           4
     2       28           2
     2       32           3
     2       36           3
     2       41           0
     2       59           4
     2       83           2
     2       85           1
     2       89           0
     3       34           0
     3       45           3
     3       58           3
     3       85           4
     3       86           4
     3       87           0
     3       88           1
     4        3           3
     4       15           0
     4       16           1
     4       21           0
     4       39           3
     4       44           3
     4       49           2
     4       50           0
     4       63           0
     4       71           4
     4       72           0
     5        3           2
     5        7           3
     5       16           4
     5       24           3
     5       34           4
     5       42           0
     5       60           0
     6       13           3
     6       19           3
     6       27           2
     6       28           4
     6       70           3
     6       73           3
     6       91           4
     7       22           0
     7       38           3
     7       42           4
     7       48           2
     7       53           3
     7       57           4
     7       63           1
     7       73           1
     8       17           3
     8       23           4
     8       43           3
     8       46           1
     8       66           4
     8       74           4
     8       82           2
     8       91           1
     9        1           2
     9       27           4
     9       29           3
     9       30           2
     9       48           1
     9       66           0
     9       69           3
     9       89           1
     9       91           3
    10        3           2
    10       30           0
    10       32           1
    10       53           4
    10       59           3
    10       68           3
    10       70           1
    10       72           3
    10       73           0
    10       82           2
    10       93           2
    11       31           1
    11       40           3
    11       42           0
    11       54           3
    11       62           4
    11       79           0
    11       86           0
    11       93           2
    11       97           1
    12       22           0
    12       24           4
    12       26           1
    12       34           4
    12       52           2
    12       53           2
    12       55           4
    12       61           2
    12       69           2
    12       73           1
    12       79           1
    12       87           4
    12       92           3
    12       97           2
    12       98           2
    13       14           1
    13       33           1
    13       37           1
    13       40           1
    13       43           0
    13       45           4
    13       48           0
    13       61           1
    13       80           0
    13       86           2
    13       91           4
    14        1           0
    14        9           3
    14       13           3
    14       54           1
    14       66           2
    14       70           3
    14       94           2
    14       95           0
    15        3           3
    15       18           2
    15       26           1
    15       41           1
    15       80           0
    15       84           1
    16       15           0
    16       34           1
    16       37           4
    16       55           3
    16       57           4
    16       71           1
    16       90           1
    16       98           4
    16      100           3
    17        2           4
    17       13           0
    17       17           1
    17       24           2
    17       51           2
    17       62           1
    17       67           0
    17       82           2
    17       86           4
    17       88           2
    17       93           2
    17       96           2
    18        4           4
    18        6           0
    18       11           4
    18       30           1
    18       33           3
    18       34           3
    18       56           2
    18       68           3
    18       79           1
    18       92           3
    18       97           0
    19        4           0
    19       13           4
    19       17           0
    19       23           4
    19       33           1
    19       42           2
    19       49           1
    19       51           2
    19       66           2
    19       70           0
    19       95           3
    20       10           3
    20       21           1
    20       33           0
    20       49           1
    20       64           1
    20       70           3
    20       78           2
    20       79           4
    21        4           1
    21        6           3
    21       54           3
    21       56           2
    21       60           4
    21       65           1
    21       81           2
    22       18           0
    22       42           3
    22       53           1
    22       67           2
    22       74           3
    22       79           0
    22       83           3
    22       98           2
    23        2           2
    23       23           2
    23       27           4
    23       33           2
    23       37           3
    23       52           3
    23       60           0
    23       88           4
    24       23           1
    24       43           3
    24       50           3
    24       70           4
    24       88           1
    24       95           4
    25        5           2
    25       28           0
    25       29           3
    25       30           4
    25       50           3
    25       58           0
    25       61           0
    25       62           1
    25       64           0
    25       74           1
    25       77           1
    25       80           2
    25       84           0
    25       97           3
    26       16           0
    26       19           2
    26       30           3
    26       38           3
    26       46           4
    26       57           4
    26       87           1
    26       92           4
    26       94           4
    27       20           4
    27       26           3
    27       40           2
    27       44           0
    27       64           4
    27       75           0
    27       90           4
    27       96           0
    28        5           1
    28        8           4
    28       17           3
    28       49           3
    28       61           2
    28       74           4
    28       76           2
    28       83           2
    28       86           4
    28       96           0
    28       97           2
    28       98           4
    29       12           0
    29       13           4
    29       34           4
    29       39           4
    29       40           3
    29       47           2
    29       50           0
    29       76           4
    29       82           2
    29       84           0
    30       11           0
    30       22           2
    30       27           3
    30       39           4
    30       40           2
    30       43           3
    30       54           3
    30       55           1
    30       81           1
    30       90           3
    30       93           1
    31       37           1
    31       39           2
    31       52           1
    31       56           3
    31       71           3
    31       80           4
    31       82           1
    31       97           0
    31       99           0
    32        4           3
    32        5           0
    32       24           1
    32       26           3
    32       27           0
    32       37           0
    32       55           0
    32       58           0
    32       59           3
    32       62           4
    32       74           0
    32       88           4
    33       26           1
    33       28           4
    33       29           0
    33       36           0
    33       56           1
    33       57           3
    33       62           1
    33       66           0
    33       69           1
    33       70           3
    33       72           4
    33       76           2
    33       87           2
    33       88           3
    34        5           4
    34       21           4
    34       22           4
    34       48           0
    34       64           4
    34       65           2
    34       68           2
    34       75           4
    35        7           2
    35       16           2
    35       31           0
    35       44           2
    35       59           1
    35       71           1
    35       74           2
    35       78           3
    35       85           4
    35       86           0
    35       93           2
    35       95           2
    35       98           1
    36        6           1
    36       11           1
    36       17           1
    36       19           0
    36       32           2
    36       46           2
    36       48           4
    36       50           0
    36       60           4
    36       66           1
    37        6           4
    37       11           3
    37       14           4
    37       16           0
    37       34           4
    37       38           0
    37       44           0
    37       54           2
    37       57           0
    37       81           2
    37       94           4
    38       12           4
    38       32           0
    38       41           1
    38       47           0
    38       55           3
    38       59           2
    38       79           4
    38       82           0
    38       96           1
    39       15           1
    39       17           2
    39       27           0
    39       30           2
    39       38           2
    39       47           3
    39       69           3
    39       70           0
    39       76           3
    39       79           2
    39       89           4
    39       99           3
    39      100           2
    40       37           3
    40       44           4
    40       69           2
    40       70           0
    40       83           4
    40       91           3
    40      100           2
    41        2           3
    41        5           3
    41       10           2
    41       15           1
    41       34           4
    41       45           3
    41       58           4
    41       68           3
    41       83           2
    41       85           4
    42       10           0
    42       18           4
    42       25           1
    42       41           0
    42       48           2
    42       56           1
    42       59           0
    42       75           1
    42       78           2
    42       94           2
    43        1           0
    43       10           1
    43       14           3
    43       20           4
    43       55           2
    43       77           0
    43       83           2
    43       90           2
    43       96           0
    43      100           2
    44       19           4
    44       20           1
    44       25           2
    44       32           2
    44       36           1
    44       39           1
    44       68           2
    44       84           2
    44       88           2
    45        5           3
    45        8           4
    45       18           2
    45       49           3
    45       51           4
    45       53           2
    45       63           1
    45       72           4
    45       81           4
    45       97           4
    46        2           1
    46       10           1
    46       25           2
    46       26           0
    46       30           2
    46       32           1
    46       53           2
    46       55           3
    46       60           1
    46       69           2
    46       76           3
    46       77           3
    46       94           0
    47       19           2
    47       22           4
    47       25           2
    47       27           1
    47       36           0
    47       49           0
    47       55           2
    47       61           3
    47       92           1
    48        5           0
    48        8           4
    48       15           1
    48       37           2
    48       40           4
    48       61           3
    48       63           0
    48       66           4
    48       67           1
    48       75           1
    49        1           0
    49        3           2
    49        4           2
    49       21           4
    49       24           2
    49       39           0
    49       40           0
    49       60           0
    49       64           2
    49       78           1
    49       82           4
    49       86           0
    49       95           4
    50        1           0
    50       14           0
    50       21           3
    50       23           0
    50       46           4
    50       52           0
    50       56           1
    50       58           1
    50       67           1
    50       76           3
    50       84           4
    50       91           3
