     1        5           1
     1        6           1
     1       20           2
     1       32           0
     1       37           1
     1       52           4
     1       55           1
     1       68           0
     1       82           4
     1       97           4
     2        2           1
     2        4           0
     2        6           4
     2       31           2
     2       32           0
     2       36           4
     2       46           1
     2       51           2
     2       75           0
     2       78           3
     2       83           1
     2       92           2
     3        4           0
     3        6           1
     3        9           0
     3       21           3
     3       22           4
     3       56           2
     3       65           2
     3       88           2
     4        2           0
     4        6           1
     4       29           3
     4       40           2
     4       48           2
     4       51           2
     4       58           0
     4       67           4
     4       76           2
     4       79           4
     4       85           2
     4       87           0
     4       93           3
     4       94           1
     5        1           1
     5       13           0
     5       63           0
     5       64           0
     5       82           2
     5       83           2
     5       89           4
     6       15           1
     6       16           3
     6       36           4
     6       40           0
     6       45           0
     6       48           4
     6       52           4
     6       54           1
     6       60           1
     6       63           3
     6       75           0
     6      100           1
     7        5           4
     7       35           3
     7       45           3
     7       59           2
     7       66           3
     7       68           1
     7       73           1
     7       79           2
     7       84           0
     8        5           1
     8       13           1
     8       20           1
     8       29           0
     8       58           2
     8       59           1
     8       62           1
     8       66           0
     8       83           1
     8       87           0
     8       90           3
     9       14           0
     9       15           2
     9       22           0
     9       43           0
     9       60           0
     9       64           2
     9       71           4
     9       73           0
     9       77           3
     9       87           3
     9       92           1
     9      100           2
    10       20           4
    10       54           2
    10       55           2
    10       57           1
    10       62           3
    10       70           1
    10       82           4
    10      100           4
    11        7           2
    11        8           4
    11       13           0
    11       14           2
    11       28           0
    11       41           0
    11       45           2
    11       47           0
    11       54           2
    11       61           0
    11       76           1
    11       82           4
    11       99           4
    12       19           1
    12       26           1
    12       28           3
    12       31           1
    12       46           3
    12       59           0
    12       68           0
    12       69           0
    13        9           2
    13       11           0
    13       23           0
    13       35           1
    13       46           0
    13       63           3
    13       87           0
    13       89           3
    13       91           4
    13       96           3
    14        4           4
    14        9           2
    14       19           3
    14       20           4
    14       35           4
    14       53           0
    14       59           2
    14       60           2
    14       67           4
    14       75           4
    14       84           1
    15        3           2
    15       30           3
    15       73           0
    15       76           0
    15      100           3
    16        4           3
    16       28           1
    16       29           3
    16       35           4
    16       71           2
    16       89           2
    17       11           0
    17       12           3
    17       23           4
    17       55           1
    17       64           4
    17       70           0
    17       88           0
    18        5           3
    18       27           4
    18       47           2
    18       64           1
    18       66           2
    18       78           2
    18       80           1
    18       94           0
    19       10           1
    19       39           1
    19       44           3
    19       48           3
    19       52           2
    19       60           3
    20       14           1
    20       38           2
    20       43           0
    20       44           2
    20       60           3
    20       61           2
    20       63           3
    20       74           0
    20       85           1
    21       33           0
    21       58           3
    21       66           3
    21       71           3
    21       85           3
    21       89           0
    22       31           4
    22       48           4
    22       51           2
    22       52           4
    22       64           4
    22       67           4
    22       68           1
    22       72           4
    22       75           1
    22       86           3
    22       90           0
    23        8           4
    23       39           2
    23       52           1
    23       53           0
    23       56           2
    23       58           1
    23       61           0
    23       64           2
    23       88           4
    23       91           3
    23       95           2
    23       96           0
    24        7           1
    24       15           4
    24       23           0
    24       55           1
    24       82           3
    24       93           4
    25        3           0
    25       21           1
    25       28           2
    25       50           0
    25       57           1
    25       64           2
    25       91           1
    26       12           3
    26       28           3
    26       33           3
    26       34           2
    26       60           0
    26       65           2
    26       74           1
    26       76           3
    26       83           4
    26       87           1
    26       95           2
    26      100           3
    27        2           1
    27        6           3
    27       11           3
    27       13           4
    27       19           3
    27       25           0
    27       26           2
    27       29           2
    27       34           1
    27       55           0
    27       75           1
    27       77           3
    27       81           2
    27       98           2
    28        1           2
    28        6           4
    28       14           4
    28       16           4
    28       22           1
    28       33           3
    28       37           0
    28       42           3
    28       53           0
    28       57           3
    28       58           0
    28       65           0
    28       72           4
    28       85           0
    28       89           4
    28       90           2
    28       93           4
    29       12           1
    29       15           3
    29       19           0
    29       30           3
    29       35           4
    29       44           3
    29       56           1
    29       79           4
    29       81           0
    29       84           0
    29       85           1
    29       94           4
    30       16           0
    30       30           0
    30       50           0
    30       56           0
    30       68           2
    30       74           0
    30       80           0
    30       82           3
    30       86           1
    30       94           0
    30      100           2
    31       24           1
    31       30           4
    31       33           2
    31       58           0
    31       66           3
    31       70           2
    31       71           0
    31       73           2
    31       80           2
    31       89           4
    31       91           0
    31       94           2
    31       97           0
    32        2           4
    32       31           0
    32       35           0
    32       46           0
    32       51           2
    32       54           2
    32       84           4
    33        1           4
    33        6           2
    33        9           4
    33       14           3
    33       17           0
    33       27           1
    33       29           0
    33       39           4
    33       43           1
    33       51           2
    33       73           3
    33       92           1
    34        3           1
    34       33           0
    34       37           2
    34       42           2
    34       60           4
    34       65           0
    34       78           2
    34       83           4
    34       98           4
    35        4           3
    35       13           2
    35       17           3
    35       19           1
    35       26           0
    35       34           0
    35       38           1
    35       39           4
    35       50           3
    35       65           0
    35       69           3
    35       70           3
    35       79           1
    35       98           3
    35      100           2
    36        8           0
    36       18           0
    36       24           2
    36       54           3
    36       57           1
    36       78           3
    37        2           2
    37       10           2
    37       14           1
    37       20           1
    37       57           1
    37       62           0
    37       86           0
    37       87           0
    37       95           0
    37       96           1
    38        2           4
    38        8           1
    38       13           1
    38       19           3
    38       37           4
    38       41           0
    38       50           1
    38       53           1
    38       57           0
    38       65           2
    38       69           2
    38       71           4
    38       72           1
    38       81           4
    39        5           2
    39       16           4
    39       22           3
    39       24           3
    39       27           1
    39       29           1
    39       47           0
    39       53           3
    39       54           0
    39       86           1
    39       89           1
    40       18           3
    40       24           0
    40       47           2
    40       76           0
    40       86           1
    40       94           2
    40       97           2
    41        3           0
    41        9           2
    41       18           4
    41       42           4
    41       47           4
    41       49           2
    41       68           4
    41       86           4
    42        1           4
    42        3           3
    42        9           2
    42       11           1
    42       37           0
    42       39           0
    42       41           4
    42       46           4
    42       53           1
    42       58           0
    42       65           4
    42       71           1
    42       74           1
    42       75           4
    42       76           3
    42       77           2
    42       87           2
    43        6           2
    43       12           4
    43       18           4
    43       45           1
    43       59           0
    43       87           2
    43       95           3
    43       97           4
    44        4           4
    44        8           0
    44       18           1
    44       21           2
    44       22           3
    44       32           0
    44       49           1
    44       50           4
    44       52           0
    44       57           3
    44       76           3
    44       77           1
    44       96           4
    44       98           2
    44       99           0
    45       25           1
    45       31           0
    45       41           3
    45       45           0
    45       67           3
    45       78           1
    45       80           0
    45       83           3
    45       95           2
    46        4           4
    46       11           1
    46       12           3
    46       15           2
    46       17           0
    46       19           0
    46       32           2
    46       39           0
    46       41           0
    46       48           4
    46       49           3
    46       54           1
    46       61           0
    46       67           4
    46       69           0
    46       72           2
    46       92           1
    46       96           0
    47       10           1
    47       16           0
    47       26           0
    47       55           2
    47       72           3
    47       95           1
    47       97           4
    48       11           1
    48       29           1
    48       36           3
    48       38           1
    48       55           1
    48       62           4
    48       64           1
    48       71           1
    48       93           4
    49       36           3
    49       38           0
    49       44           3
    49       45           3
    49       48           4
    49       49           2
    49       56           0
    49       57           1
    49       61           3
    49       73           4
    49       92           1
    49       93           0
    50       10           2
    50       15           0
    50       26           3
    50       37           2
    50       42           0
    50       79           2
    50       81           3
    50       88           4
