     1        6           0
     1       16           2
     1       33           4
     1       41           4
     1       60           1
     1       88           2
     1       94           3
     2       22           2
     2       42           0
     2       47           1
     2       52           3
     2       53           1
     2       55           2
     2       60           2
     2       65           1
     2       73           2
     2       78           1
     2       81           2
     3        5           1
     3       47           4
     3       50           0
     3       59           3
     3       60           3
     3       87           4
     3       90           3
     4        1           1
     4       11           2
     4       18           1
     4       25           1
     4       39           1
     4       47           3
     4       50           2
     4       75           0
     4       77           1
     5        9           2
     5       14           3
     5       19           2
     5       29           4
     5       38           3
     5       43           0
     5       46           0
     5       49           4
     5       51           4
     5       66           3
     5       70           1
     5       82           4
     5       98           3
     6       12           0
     6       25           0
     6       26           1
     6       40           1
     6       54           0
     6       69           4
     6       70           4
     6      100           1
     7       31           4
     7       36           4
     7       38           4
     7       43           4
     7       80           4
     7       85           1
     7       95           2
     8       32           2
     8       45           2
     8       69           3
     8       71           4
     8       74           3
     8       78           2
     8       84           1
     9        1           2
     9        2           2
     9       43           2
     9       49           0
     9       51           2
     9       57           1
     9       65           0
     9       69           0
     9       72           3
     9       74           4
     9       77           0
     9       80           4
     9       86           3
     9       93           0
    10        4           1
    10       20           0
    10       53           3
    10       63           4
    10       71           0
    10       73           2
    10       76           0
    10       84           4
    10       92           0
    11        2           2
    11       14           3
    11       27           2
    11       39           3
    11       47           3
    11       65           3
    11       69           2
    11       79           2
    11       97           4
    12        1           1
    12       15           1
    12       22           2
    12       43           3
    12       45           3
    12       49           2
    12       61           0
    12       68           0
    12       73           4
    12       86           0
    12       90           4
    13        2           0
    13       14           3
    13       34           0
    13       44           4
    13       52           0
    13       65           2
    13       66           1
    13       70           1
    13       79           3
    13      100           3
    14        1           3
    14        4           0
    14       18           4
    14       33           2
    14       44           3
    14       49           3
    14       56           0
    14       57           0
    14       70           1
    14       82           1
    14       83           4
    14       88           1
    14       91           0
    14       92           3
    15       18           3
    15       30           3
    15       35           1
    15       48           2
    15       76           1
    15       84           0
    15       92           4
    15       95           1
    16        6           3
    16       11           1
    16       17           2
    16       27           1
    16       34           2
    16       37           3
    16       62           2
    16       64           4
    16       71           2
    16       73           2
    16       74           0
    16       77           4
    16       93           0
    16       96           3
    16      100           1
    17        3           3
    17       20           4
    17       26           4
    17       47           2
    17       62           3
    17       69           1
    17       72           3
    17       74           1
    17       79           4
    17       88           3
    18        2           4
    18       15           0
    18       50           1
    18       69           3
    19        6           2
    19       22           3
    19       37           3
    19       43           2
    19       44           4
    19       45           2
    19       63           1
    19       92           4
    20        7           3
    20       11           0
    20       16           1
    20       22           3
    20       23           0
    20       40           2
    20       58           2
    20       62           1
    20       90           3
    21        6           3
    21        8           1
    21       33           4
    21       41           1
    21       58           1
    21       82           2
    22        7           2
    22       11           1
    22       34           2
    22       37           1
    22       38           0
    22       59           0
    22       66           4
    22       71           1
    23        1           4
    23       13           3
    23       16           2
    23       22           3
    23       30           0
    23       32           4
    23       37           1
    23       47           1
    23       57           1
    23       64           2
    23       73           4
    23       91           2
    24        5           1
    24       30           0
    24       41           3
    24       42           1
    24       48           1
    24       65           1
    24       68           0
    24       80           0
    24       86           3
    24       87           3
    24       91           2
    24       93           2
    24       94           3
    24      100           1
    25       12           3
    25       19           1
    25       25           4
    25       47           1
    25       48           2
    25       49           2
    25       56           0
    25       61           2
    25       62           4
    25       70           3
    25       71           3
    25       90           4
    25       93           3
    25       96           1
    26        3           2
    26       20           1
    26       30           4
    26       50           3
    26       52           1
    26       54           2
    26       56           4
    26       57           2
    26       74           0
    26       94           0
    26       96           0
    26       98           0
    27       20           4
    27       29           4
    27       37           1
    27       50           1
    27       53           0
    27       55           0
    27       66           3
    27       77           0
    27       85           1
    27       86           2
    27       88           4
    27       94           4
    28        8           2
    28       11           0
    28       19           0
    28       23           2
    28       30           1
    28       40           3
    28       53           1
    28       55           2
    28       78           4
    28       95           2
    29        6           0
    29        7           1
    29       10           2
    29       11           1
    29       29           1
    29       45           2
    29       68           1
    29       74           3
    29       87           4
    29       96           4
    29       98           2
    30       14           3
    30       16           3
    30       17           0
    30       26           0
    30       41           4
    30       46           4
    30       52           3
    30       59           4
    30       62           0
    30       67           3
    30       72           1
    31       15           0
    31       29           1
    31       37           4
    31       39           0
    31       40           1
    31       51           3
    31       63           2
    31       85           4
    32        4           4
    32        5           2
    32        6           2
    32        7           2
    32       10           4
    32       22           2
    32       28           1
    32       36           1
    32       42           4
    32       44           4
    32       46           3
    32       70           2
    32       72           0
    32       78           4
    32       89           1
    32       92           4
    32       95           3
    32       97           3
    33       13           4
    33       21           3
    33       32           0
    33       37           4
    33       42           1
    33       44           2
    33       71           1
    33       96           1
    34        4           1
    34        8           3
    34       18           4
    34       20           4
    34       24           3
    34       25           3
    34       33           4
    34       39           1
    34       41           4
    34       45           2
    34       50           1
    34       55           0
    34       77           0
    34       97           0
    35        2           4
    35        3           4
    35       24           4
    35       46           0
    35       48           4
    35       55           3
    35       71           3
    35       76           1
    35       83           1
    35       92           3
    35       96           3
    36       20           4
    36       21           2
    36       31           4
    36       33           4
    36       62           0
    36       75           2
    36       76           0
    36       87           0
    36       89           0
    36       91           4
    36       93           4
    37       14           0
    37       36           4
    37       48           1
    37       58           0
    37       77           2
    37       83           2
    37       85           3
    37      100           1
    38       18           2
    38       23           1
    38       36           2
    38       39           1
    38       54           1
    38       57           2
    38       58           3
    38       60           1
    38       63           2
    38       73           1
    38       78           2
    38       81           2
    38       93           4
    38       99           1
    39        9           2
    39       18           0
    39       23           0
    39       27           4
    39       29           2
    39       40           3
    39       41           0
    39       48           0
    39       56           3
    39       73           4
    39       75           0
    39       80           3
    39       82           3
    39       90           2
    39       91           1
    39       96           1
    39       97           3
    40        6           0
    40        9           1
    40       22           1
    40       24           3
    40       33           1
    40       36           3
    40       44           1
    40       54           4
    40       61           3
    40       79           4
    40       84           1
    40       99           1
    41        4           3
    41        5           3
    41       35           1
    41       39           4
    41       46           4
    41       65           0
    41       68           4
    41       93           3
    42        2           3
    42        9           3
    42       33           2
    42       77           3
    42       97           3
    43       10           2
    43       14           3
    43       19           3
    43       24           3
    43       38           0
    43       39           4
    43       47           4
    43       72           0
    44       20           0
    44       25           3
    44       30           4
    44       39           0
    44       51           4
    44       59           1
    44       89           4
    44       91           3
    45        6           4
    45       12           1
    45       30           2
    45       47           2
    45       66           0
    45       77           4
    45       78           3
    45       80           1
    45       88           1
    45       89           3
    45       98           2
    46       17           1
    46       24           2
    46       29           2
    46       32           3
    46       41           4
    46       46           1
    46       54           4
    46       57           0
    46       76           1
    46       91           4
    46       97           0
    47        2           4
    47        5           4
    47       13           2
    47       16           3
    47       56           2
    47       59           0
    47       60           2
    47       62           4
    47       64           4
    47       69           3
    47       83           3
    47       91           2
    47       95           0
    48       40           4
    48       62           3
    48       70           1
    48       75           2
    48       85           2
    48       88           3
    49        1           2
    49        3           4
    49       21           1
    49       35           2
    49       39           2
    49       42           3
    49       46           3
    49       49           2
    49       52           1
    49       70           0
    49       82           3
    50       10           3
    50       13           0
    50       32           3
    50       41           2
    50       42           2
    50       63           0
    50       83           1
    50       87           4
    50       90           0
    50       94           0
