     1       12           3
     1       14           0
     1       20           1
     1       47           0
     1       57           0
     1       68           1
     1       76           3
     2        8           4
     2       17           0
     2       34           2
     2       50           2
     2       59           2
     2       73           1
     2       76           2
     2       84           1
     2       90           3
     3       13           1
     3       16           0
     3       17           0
     3       22           0
     3       25           0
     3       58           1
     3       66           2
     3       75           2
     3       81           2
     3       93           2
     4        1           1
     4        3           0
     4       35           3
     4       40           1
     4       49           4
     4       76           3
     4       83           1
     4       97           3
     5        7           2
     5        8           2
     5       24           0
     5       33           1
     5       38           0
     5       52           1
     5       65           3
     5       82           1
     5       87           4
     5       97           3
     6       46           0
     6       66           0
     6       72           4
     6       73           2
     7        3           4
     7        4           4
     7        6           1
     7        9           3
     7       16           2
     7       20           1
     7       42           3
     7       52           2
     7       57           2
     7       60           4
     7       61           4
     7       65           4
     7       76           4
     7       93           2
     8        7           2
     8       14           1
     8       24           3
     8       31           0
     8       38           0
     8       47           2
     8       60           0
     8       77           2
     8       92           1
     9        4           1
     9        6           1
     9       45           0
     9       46           0
     9       63           0
     9       96           3
    10       21           2
    10       46           2
    10       68           1
    10       82           3
    10       85           3
    10       91           1
    11        7           1
    11       28           3
    11       32           2
    11       40           4
    11       43           1
    11       58           1
    11       75           3
    11       80           4
    11       93           1
    11      100           3
    12        1           4
    12        9           4
    12       14           2
    12       18           1
    12       22           4
    12       26           3
    12       46           0
    12       60           2
    12       84           4
    12       87           0
    12       89           0
    12       98           3
    13       13           4
    13       14           3
    13       15           3
    13       18           4
    13       19           0
    13       35           3
    13       36           1
    13       43           4
    13       60           1
    13       64           2
    13       69           1
    14        4           1
    14       15           2
    14       28           2
    14       29           4
    14       39           3
    14       42           2
    14       45           3
    14       48           1
    14       52           3
    14       55           3
    14       74           2
    14       82           1
    14       88           3
    14       99           2
    14      100           4
    15        8           0
    15       11           0
    15       17           0
    15       23           0
    15       56           2
    15       68           2
    15       70           0
    15       75           0
    15       82           1
    16       12           2
    16       15           2
    16       16           4
    16       19           0
    16       44           4
    16       52           2
    16       59           1
    16       62           0
    16       89           0
    17       30           1
    17       37           0
    17       52           2
    17       55           0
    17       64           1
    17       96           1
    18       22           4
    18       35           4
    18       65           1
    18       66           0
    18       87           1
    18       88           2
    18       93           1
    18       94           4
    19        3           1
    19       27           4
    19       37           4
    19       49           1
    19       53           1
    19       55           0
    19       58           1
    19       89           3
    19       90           1
    19       94           4
    20        6           0
    20       11           4
    20       26           0
    20       30           4
    20       31           0
    20       53           3
    20       56           1
    20       60           1
    20       61           2
    20       67           0
    20       74           4
    20       91           4
    20       99           1
    21        5           4
    21       18           0
    21       30           4
    21       49           0
    21       55           4
    21       57           4
    21       81           3
    21       82           2
    21       98           0
    22        9           2
    22       14           0
    22       19           4
    22       25           0
    22       37           0
    22       51           3
    22       52           3
    22       54           1
    22       61           0
    22       75           1
    22       87           0
    23       10           4
    23       17           1
    23       18           0
    23       20           1
    23       23           0
    23       30           2
    23       48           3
    23       54           1
    23       64           1
    23       73           4
    23       78           4
    23       83           4
    23       86           3
    24       19           1
    24       34           3
    24       37           0
    24       43           1
    24       45           3
    24       58           4
    24       78           2
    24       79           0
    24       86           3
    25        2           4
    25        8           3
    25       11           2
    25       13           4
    25       26           0
    25       36           4
    25       48           2
    25       50           3
    25       68           2
    25       71           4
    25       76           1
    25       96           4
    26        3           1
    26       10           1
    26       20           4
    26       32           4
    26       33           1
    26       53           1
    26       55           4
    26       85           1
    27       18           4
    27       21           2
    27       39           4
    27       55           3
    27       64           0
    27       67           1
    27       80           1
    27       88           1
    28        8           0
    28       11           1
    28       17           1
    28       22           0
    28       25           2
    28       58           4
    28       63           3
    28       67           0
    28       88           3
    28      100           3
    29        3           0
    29        4           3
    29        7           0
    29       17           1
    29       42           0
    29       52           1
    29       53           1
    29       56           0
    29       69           0
    29       70           1
    29       79           4
    29       90           2
    29       96           0
    30        6           3
    30       29           0
    30       65           1
    30       74           2
    30       83           1
    30       91           0
    31       27           4
    31       30           2
    31       48           1
    31       57           4
    31       60           3
    31       78           4
    31       86           0
    31       88           4
    31       96           4
    32       34           2
    32       44           2
    32       49           1
    32       50           3
    32       72           0
    32       73           4
    32      100           4
    33        1           4
    33        5           0
    33        6           3
    33       12           2
    33       21           4
    33       26           3
    33       51           2
    33       54           3
    33       59           1
    33       75           2
    33       80           2
    33       83           2
    33       88           0
    33       98           3
    34        3           0
    34        5           4
    34        8           0
    34       12           4
    34       14           3
    34       29           4
    34       32           2
    34       36           3
    34       41           4
    34       53           3
    34       59           3
    34       61           0
    34       65           2
    34       67           4
    34       70           4
    34       71           1
    35        3           0
    35        5           3
    35       19           3
    35       22           3
    35       38           3
    35       63           2
    35       71           3
    35       75           1
    35       76           2
    35       80           4
    35       97           2
    36        5           1
    36        9           3
    36       18           3
    36       31           4
    36       35           3
    36       45           3
    36       89           4
    36       95           0
    37        3           2
    37        9           1
    37       25           0
    37       32           2
    37       74           2
    38       25           0
    38       29           1
    38       32           4
    38       43           0
    38       49           1
    38       58           0
    38       72           3
    38       82           0
    38       84           1
    38       87           2
    38       92           0
    38       98           3
    39       10           3
    39       13           3
    39       24           4
    39       30           1
    39       33           2
    39       34           1
    39       37           0
    39       42           1
    39       57           1
    39       68           2
    39       83           1
    40       23           1
    40       46           2
    40       47           0
    40       60           2
    40       72           2
    40       80           0
    40       95           0
    41        7           2
    41        8           0
    41       29           3
    41       39           3
    41       43           1
    41       51           4
    41       59           2
    41       85           3
    41       90           0
    42       16           0
    42       19           1
    42       22           0
    42       27           0
    42       41           2
    42       44           3
    42       45           2
    42       52           3
    42       61           1
    42       63           3
    42       68           0
    42       86           1
    43       10           0
    43       11           3
    43       26           4
    43       35           4
    43       39           1
    43       43           3
    43       46           3
    43       51           3
    43       54           0
    43       55           4
    43       57           0
    43       81           2
    43       82           3
    43       84           0
    44       11           4
    44       21           3
    44       38           0
    44       55           1
    44       58           4
    44       59           4
    44       62           2
    44       66           4
    44       72           0
    44       79           1
    44       92           3
    45       11           1
    45       39           4
    45       44           0
    45       48           4
    45       77           1
    45       96           4
    46        1           0
    46        6           0
    46       16           1
    46       17           1
    46       44           1
    46       55           0
    46       61           1
    46       66           3
    46       81           4
    46       87           0
    47        2           4
    47       15           4
    47       21           4
    47       28           2
    47       30           4
    47       37           2
    47       39           4
    47       44           4
    47       53           4
    47       64           2
    47       87           0
    47       90           4
    47       98           3
    47      100           1
    48       16           0
    48       19           3
    48       21           2
    48       23           3
    48       46           1
    48       47           2
    48       62           3
    48       71           2
    48       72           2
    48       75           2
    49        2           4
    49        5           4
    49        7           2
    49       16           0
    49       18           0
    49       23           3
    49       28           2
    49       32           3
    49       49           1
    49       59           0
    49       62           3
    49       70           0
    49       81           1
    49       94           3
    50       23           1
    50       31           3
    50       49           4
    50       70           4
    50       75           4
    50       77           2
    50       85           0
    50       93           4
