     1       10           4
     1       11           3
     1       22           1
     1       29           2
     1       32           0
     1       56           1
     1       66           4
     1       83           3
     2        1           4
     2        4           2
     2        6           3
     2       13           0
     2       15           4
     2       26           1
     2       30           2
     2       36           0
     2       50           3
     2       63           0
     2       64           2
     2       78           3
     2       82           0
     2       84           2
     2       89           4
     2      100           0
     3       13           4
     3       54           2
     3       84           4
     3       96           2
     4       28           4
     4       46           3
     4       48           0
     4       69           1
     4       75           2
     4       79           0
     4       97           2
     5       14           3
     5       20           0
     5       27           2
     5       30           2
     5       39           4
     5       48           2
     5       85           2
     5       87           0
     5       99           3
     5      100           2
     6       14           1
     6       20           1
     6       21           4
     6       25           3
     6       42           1
     6       62           0
     6       73           4
     6       81           4
     6       82           3
     6       89           2
     6       97           1
     7        2           4
     7        3           0
     7        5           2
     7       15           2
     7       34           0
     7       52           3
     7       58           2
     7       59           0
     7       64           1
     7       77           3
     7       90           4
     8        8           2
     8       15           1
     8       26           1
     8       28           3
     8       29           2
     8       44           1
     8       48           3
     8       64           3
     8       71           3
     8       72           0
     8       92           0
     9        8           3
     9       18           2
     9       26           3
     9       37           0
     9       40           3
     9       43           1
     9       71           1
     9       88           2
     9       90           4
     9       97           3
    10        1           2
    10        7           0
    10       11           0
    10       21           2
    10       24           1
    10       40           2
    10       42           3
    10       43           2
    10       50           2
    10       54           1
    10       65           0
    10       68           3
    10       77           1
    10       81           4
    10       97           1
    11       20           2
    11       21           3
    11       33           0
    11       35           1
    11       53           2
    11       79           4
    11       84           3
    11       85           1
    11       99           4
    12        9           1
    12       23           1
    12       29           1
    12       30           3
    12       36           4
    12       42           1
    12       44           0
    12       45           0
    12       57           1
    12       59           3
    12       73           3
    12       87           2
    12       95           3
    12       99           1
    13        2           3
    13        5           3
    13       17           1
    13       29           4
    13       34           0
    13       38           1
    13       45           4
    13       55           0
    13       59           1
    13       69           3
    13       78           1
    13       82           2
    13       90           0
    13       96           1
    14       15           0
    14       19           2
    14       52           2
    14       55           1
    14       62           0
    14       88           4
    15        9           4
    15       14           1
    15       18           3
    15       19           4
    15       23           0
    15       30           0
    15       37           4
    15       46           3
    15       47           3
    15       49           2
    15       53           3
    15       56           2
    15       62           4
    15       68           3
    16        4           4
    16        8           4
    16       21           0
    16       43           1
    16       48           2
    16       61           1
    16       79           3
    16       81           1
    17        2           2
    17        5           2
    17       12           0
    17       20           0
    17       33           2
    17       39           2
    17       42           1
    17       51           3
    17       58           1
    17       65           0
    17       69           4
    17       75           2
    17       88           2
    17       92           2
    17      100           0
    18        7           0
    18       14           1
    18       39           2
    18       49           2
    18       50           0
    18       60           2
    18       67           4
    18       70           4
    18       83           1
    18       91           0
    19        6           0
    19       15           1
    19       22           4
    19       29           4
    19       36           4
    19       38           1
    19       39           3
    19       62           4
    19       63           0
    19       67           4
    19       68           1
    19       79           2
    20        7           4
    20       12           0
    20       18           2
    20       31           0
    20       34           2
    20       47           4
    20       55           2
    20       61           1
    20       71           2
    20       74           4
    20       75           4
    20       79           1
    20       90           1
    20       96           4
    20       98           2
    21        5           3
    21        6           3
    21       20           0
    21       32           0
    21       47           0
    21       50           4
    21       59           2
    21       71           0
    21       80           4
    21       88           4
    21       91           1
    21       92           2
    22        3           1
    22       10           2
    22       22           2
    22       24           0
    22       47           0
    22       55           3
    22       57           3
    22       62           2
    22       69           4
    23        1           3
    23       14           1
    23       18           4
    23       33           1
    23       35           0
    23       59           0
    23       65           3
    23       66           3
    23       69           3
    24       30           2
    24       33           1
    24       40           2
    24       48           2
    24       69           2
    24       70           3
    24       76           3
    24       81           3
    24       86           3
    25        4           2
    25       13           4
    25       14           3
    25       38           2
    25       52           2
    25       91           4
    26       28           2
    26       29           4
    26       30           2
    26       44           1
    26       46           1
    26       55           4
    26       62           2
    26       93           4
    26       96           1
    26       99           3
    27       45           3
    27       49           0
    27       50           3
    27       63           0
    28       46           0
    28       61           1
    28       73           0
    28       99           2
    29        3           3
    29        6           4
    29       33           1
    29       46           0
    29       66           3
    29       68           4
    29       79           2
    29       86           3
    29      100           0
    30       15           3
    30       19           1
    30       32           1
    30       44           0
    30       48           1
    30       74           4
    30       75           3
    30       77           2
    30       95           0
    31       21           4
    31       22           0
    31       27           0
    31       33           0
    31       42           3
    31       45           0
    31       48           4
    31       53           1
    31       68           1
    31       79           3
    31       83           2
    31       84           0
    31       86           4
    31       92           0
    32       89           0
    32       96           2
    33       12           4
    33       25           3
    33       36           3
    33       41           4
    33       51           4
    33       56           1
    33       71           0
    33       79           1
    33       82           3
    33       85           3
    34       12           4
    34       38           4
    34       44           2
    34       46           0
    34       50           4
    34       82           0
    34       84           0
    34       89           0
    35        1           0
    35        4           4
    35        9           1
    35       22           1
    35       25           3
    35       31           2
    35       32           2
    35       40           0
    35       42           0
    35       43           3
    35       69           4
    35       95           1
    36        1           0
    36        5           1
    36       16           4
    36       18           1
    36       34           2
    36       39           2
    36       42           2
    36       58           4
    36       61           1
    36       64           0
    36       72           2
    36       80           1
    36       81           1
    36       91           1
    36       92           2
    37       16           0
    37       30           2
    37       41           3
    37       49           4
    37       58           2
    37       87           2
    37       94           3
    38       16           3
    38       17           2
    38       19           2
    38       25           4
    38       27           0
    38       36           1
    38       40           2
    38       57           3
    38       65           1
    38       67           1
    38       73           4
    38      100           0
    39       17           4
    39       41           3
    39       47           1
    39       48           3
    39       52           0
    39       53           0
    39       64           2
    39       97           2
    40        7           2
    40       13           3
    40       27           3
    40       34           0
    40       45           0
    40       60           1
    40       74           3
    40       86           1
    40       94           3
    41        9           4
    41       14           0
    41       31           2
    41       36           2
    41       43           2
    41       54           1
    41       62           1
    41       63           1
    41       84           0
    42        5           0
    42       13           4
    42       21           4
    42       26           1
    42       32           0
    42       34           1
    42       56           2
    42       59           1
    42       68           2
    42       80           3
    42       96           1
    43        3           1
    43        6           2
    43       10           1
    43       25           0
    43       32           1
    43       46           2
    43       52           3
    43       56           3
    43       57           0
    43       69           0
    43       70           2
    43       87           2
    43       94           3
    44       15           4
    44       20           3
    44       26           1
    44       32           2
    44       44           3
    44       47           4
    44       53           4
    44       58           3
    44       70           2
    44       72           4
    44       83           3
    44       84           0
    44       90           0
    44       98           3
    45       16           1
    45       23           0
    45       33           0
    45       58           0
    45       67           0
    45       74           1
    45       75           1
    45       82           4
    46       20           2
    46       33           0
    46       41           1
    46       46           3
    46       55           1
    46       58           4
    46       73           2
    46       78           1
    47       26           3
    47       30           2
    47       35           0
    47       58           4
    47       68           3
    47       80           1
    47       83           1
    47       91           4
    48        3           1
    48        8           1
    48       11           0
    48       12           2
    48       28           2
    48       46           1
    48       53           3
    48       62           3
    48       63           1
    48       71           3
    48       80           2
    48       91           0
    48       97           1
    48       99           3
    49        6           4
    49        8           2
    49       26           0
    49       40           3
    49       41           3
    49       43           2
    49       49           2
    49       75           2
    49       93           1
    50        4           0
    50       11           2
    50       17           1
    50       22           3
    50       27           4
    50       28           4
    50       30           0
    50       38           2
    50       42           1
    50       49           2
    50       50           2
    50       59           4
    50       68           4
    50       75           3
    50       83           0
    50       98           0
