     1        9           4
     1       12           3
     1       25           4
     1       32           2
     1       45           0
     1       53           1
     1       62           3
     1       65           4
     1       66           3
     1       67           4
     1       73           4
     1       74           4
     1       88           3
     1       95           4
     2       13           2
     2       21           1
     2       27           3
     2       28           4
     2       29           0
     2       51           1
     2       68           3
     2       82           4
     2       84           4
     2       93           2
     2       95           3
     3       29           1
     3       40           2
     3       81           0
     3       87           1
     3       90           1
     3       99           2
     4        2           3
     4        4           4
     4       21           4
     4       24           0
     4       28           0
     4       30           1
     4       50           1
     4       59           1
     4       92           2
     5        5           0
     5        6           4
     5        7           4
     5        8           3
     5       16           1
     5       26           1
     5       32           2
     5       58           4
     5       60           2
     5       65           0
     5       66           3
     5       70           4
     5       74           1
     5       78           1
     6        2           3
     6       26           1
     6       36           1
     6       41           4
     6       42           0
     6       45           2
     6       55           3
     6       56           2
     6       78           3
     7        3           1
     7       28           1
     7       45           2
     7       54           0
     7       55           0
     7       56           1
     7       60           3
     7       62           4
     7       65           2
     7       83           1
     7       84           4
     7       92           0
     8        4           2
     8       12           4
     8       13           3
     8       16           2
     8       24           1
     8       25           3
     8       33           0
     8       36           2
     8       43           3
     8       54           4
     8       64           4
     8       70           4
     8       71           3
     8       81           0
     8       89           3
     9       24           2
     9       27           4
     9       33           4
     9       35           0
     9       48           3
     9       60           1
     9       73           1
     9       79           0
     9       81           4
     9       97           3
     9       99           2
    10        4           1
    10        7           1
    10       18           2
    10       35           2
    10       36           3
    10       56           1
    10       57           4
    10       73           1
    10       84           3
    10       86           3
    10       96           0
    10       99           3
    11        3           4
    11        4           3
    11       34           2
    11       37           4
    11       43           2
    11       53           2
    11       57           0
    11       66           3
    11       68           3
    11       86           4
    11       88           4
    12        1           0
    12       20           3
    12       26           1
    12       29           2
    12       71           1
    12       72           4
    12       77           4
    13       11           4
    13       16           4
    13       38           1
    13       41           3
    13       48           0
    13       55           1
    13       58           1
    13       67           2
    13       70           1
    13       75           1
    13       83           1
    13       96           3
    14       18           0
    14       20           2
    14       30           2
    14       42           4
    14       44           0
    14       61           4
    14       74           0
    14       86           0
    14       91           0
    14       94           4
    14       96           2
    14       98           4
    15        1           2
    15       14           2
    15       17           1
    15       31           4
    15       56           3
    15       58           3
    15       68           3
    15       76           2
    15       81           3
    15       94           4
    16        5           2
    16       13           2
    16       23           3
    16       46           3
    16       49           2
    16       52           4
    16       58           4
    16       84           3
    16       91           2
    16       92           2
    17        4           2
    17        8           3
    17       17           1
    17       36           2
    17       38           0
    17       52           1
    17       55           2
    17       61           3
    17       75           1
    17       78           4
    17       82           3
    17       87           1
    17       90           3
    17       97           3
    18       10           4
    18       12           0
    18       24           3
    18       30           4
    18       40           4
    18       46           2
    18       61           4
    18       95           0
    19       12           1
    19       39           1
    19       49           1
    19       50           1
    19       56           3
    19       89           3
    19       97           2
    20        8           4
    20       12           4
    20       17           0
    20       21           3
    20       25           4
    20       50           3
    20       55           2
    20       61           4
    20       80           0
    20       82           1
    20       93           0
    20       97           1
    21       10           2
    21       17           2
    21       23           3
    21       38           4
    21       42           2
    21       47           1
    21       83           1
    21       93           3
    21      100           1
    22        5           0
    22       31           3
    22       64           4
    22       69           3
    22       95           4
    23        1           1
    23        3           2
    23        6           0
    23       14           1
    23       21           0
    23       28           1
    23       31           2
    23       34           0
    23       45           1
    23       48           2
    23       53           0
    23       75           1
    23       94           2
    24        3           1
    24       22           2
    24       38           1
    24       58           3
    24       62           0
    24       85           2
    24       86           4
    24       99           4
    25        2           4
    25       15           0
    25       25           4
    25       34           1
    25       39           1
    25       49           1
    25       55           3
    25       65           3
    25       69           0
    25       79           0
    25       80           2
    25      100           4
    26       40           4
    26       46           1
    26       65           2
    26       77           4
    26       78           0
    26       85           3
    27        4           3
    27        7           4
    27       11           1
    27       19           1
    27       32           3
    27       41           3
    27       43           1
    27       71           4
    27       76           4
    28        8           4
    28       14           1
    28       17           3
    28       29           0
    28       37           3
    28       39           1
    28       40           0
    28       48           2
    28       52           4
    28       76           1
    28       78           1
    28       93           4
    28       99           1
    29       14           1
    29       26           1
    29       28           3
    29       29           2
    29       31           3
    29       33           1
    29       34           0
    29       42           1
    29       51           3
    29       65           4
    29       70           2
    29       83           2
    29       91           3
    30       36           0
    30       58           4
    30       69           4
    30       73           0
    30       75           0
    30       86           3
    30      100           3
    31        6           4
    31        9           0
    31       19           1
    31       39           2
    31       42           3
    31       44           3
    31       47           0
    31       49           1
    31       74           4
    31       75           1
    31       81           2
    31       92           2
    32        1           3
    32        4           4
    32       20           2
    32       23           4
    32       26           3
    32       34           4
    32       46           2
    32       47           4
    32       97           2
    32       99           4
    32      100           0
    33        9           1
    33       15           2
    33       16           3
    33       21           1
    33       28           4
    33       45           3
    33       55           4
    33       61           4
    33       70           2
    33       72           0
    33       73           2
    33       88           2
    33       93           3
    34       17           1
    34       29           3
    34       30           2
    34       33           3
    34       50           3
    34       52           1
    34       53           1
    34       54           3
    34       73           1
    34       76           1
    34       77           1
    34       82           1
    34       87           4
    34       90           1
    34       91           3
    35        9           3
    35       13           4
    35       37           2
    35       59           3
    35       71           4
    35       77           3
    35       78           3
    36       18           1
    36       42           1
    36       49           2
    36       53           1
    36       71           3
    36       84           2
    37        5           3
    37       14           2
    37       20           1
    37       21           2
    37       25           4
    37       32           1
    37       50           2
    37       56           2
    37       69           3
    37       76           4
    37       96           2
    37       98           4
    38       23           2
    38       44           0
    38       47           2
    38       48           0
    38       57           3
    39       18           2
    39       27           4
    39       53           2
    40        3           2
    40       22           0
    40       24           2
    40       52           0
    40       62           3
    40       90           3
    40       96           0
    41       11           4
    41       19           0
    41       25           1
    41       31           3
    41       34           1
    41       35           2
    41       42           4
    41       45           3
    41       52           4
    41       60           1
    41       67           0
    41       80           3
    41       83           4
    41       84           1
    42        1           1
    42       11           2
    42       12           2
    42       23           1
    42       34           3
    42       52           3
    42       54           4
    42       55           1
    42       60           4
    42       85           2
    42       87           0
    42       93           2
    42       98           2
    43       11           1
    43       12           2
    43       43           0
    43       66           0
    43       82           2
    43       99           4
    44       16           0
    44       20           0
    44       40           1
    44       67           2
    44       74           2
    44       83           4
    44       84           4
    44       93           2
    45        5           1
    45       19           4
    45       22           1
    45       24           2
    45       67           4
    45       68           4
    45       82           0
    45       98           0
    45      100           1
    46       31           1
    46       38           1
    46       57           2
    46       63           1
    46       92           1
    46       99           3
    47        2           2
    47        3           0
    47       13           0
    47       16           3
    47       31           0
    47       37           2
    47       38           4
    47       52           1
    47       55           2
    47       58           4
    47       63           4
    47       67           2
    47       75           1
    47       94           3
    47       96           2
    47       97           2
    48        5           1
    48       24           1
    48       39           0
    48       41           0
    48       44           0
    48       49           1
    48       74           2
    48       80           4
    48       81           2
    48       83           2
    48       94           0
    49       19           1
    49       21           0
    49       35           2
    49       45           2
    49       50           3
    49       81           4
    49       85           3
    49       91           0
    49       98           4
    50       42           2
    50       57           3
    50       58           0
    50       59           0
    50       66           4
    50       79           1
    50       83           1
    50       89           1
    50       98           2
