     1        6           3
     1       43           2
     1       52           0
     1       57           2
     1       62           2
     1       76           1
     1       78           0
     1       81           0
     1       92           0
     1       94           1
     2       13           1
     2       25           4
     2       29           1
     2       43           0
     2       61           0
     2       70           2
     2       77           3
     2       91           3
     2       98           2
     3        5           2
     3       22           0
     3       29           1
     3       33           2
     3       46           1
     3       62           0
     3       63           2
     3       72           0
     3       73           2
     3       88           0
     3       96           4
     4        2           3
     4       11           0
     4       12           3
     4       19           3
     4       46           4
     4       48           2
     4       55           4
     4       56           3
     4       69           0
     4       83           0
     4       84           0
     4      100           0
     5        3           1
     5       24           2
     5       27           1
     5       40           3
     5       74           1
     5       89           4
     6        1           1
     6       11           1
     6       25           0
     6       26           3
     6       55           0
     6       58           0
     6       67           0
     6       75           1
     7       18           3
     7       22           0
     7       26           0
     7       34           1
     7       60           0
     7       62           1
     7       70           0
     7       73           0
     7       78           1
     7       82           0
     7       94           4
     8        1           2
     8        3           4
     8        6           2
     8       17           1
     8       62           3
     8       92           2
     9        4           2
     9       14           4
     9       19           1
     9       44           0
     9       50           2
     9       54           4
     9       69           3
     9       98           2
    10       13           2
    10       36           1
    10       40           4
    10       59           3
    10       79           1
    10       81           2
    10       82           3
    10       86           4
    10       95           2
    11        9           3
    11       28           0
    11       32           1
    11       34           3
    11       41           3
    11       53           4
    11       56           4
    11       88           4
    12        6           3
    12       25           4
    12       48           2
    12       52           2
    12       63           4
    12       77           2
    12       78           2
    12       81           3
    12       82           3
    13        4           3
    13        7           1
    13       11           0
    13       21           0
    13       24           2
    13       30           2
    13       39           0
    13       42           2
    13       45           1
    13       47           3
    13       67           3
    13       70           1
    13       91           2
    13       94           1
    14        4           3
    14       10           2
    14       27           0
    14       56           4
    14       57           2
    14       59           2
    14       89           2
    14       90           3
    14       96           1
    14       99           1
    15        3           3
    15       11           3
    15       19           3
    15       22           3
    15       27           0
    15       64           0
    15       75           3
    15       77           2
    15       96           4
    16       14           0
    16       20           2
    16       30           0
    16       34           0
    16       73           2
    16       86           1
    16       87           4
    17       10           4
    17       11           0
    17       20           4
    17       25           1
    17       46           1
    17       51           1
    17       63           2
    17       66           4
    17       70           2
    17       91           1
    17       97           3
    18        2           1
    18        7           0
    18       14           4
    18       15           1
    18       49           1
    18       56           1
    18       61           2
    18       71           3
    18       84           4
    19       14           0
    19       15           4
    19       26           4
    19       27           4
    19       33           2
    19       45           2
    19       70           4
    19       84           4
    19       85           3
    19       96           4
    20        2           2
    20        4           0
    20       13           3
    20       16           2
    20       28           1
    20       38           1
    20       43           4
    20       77           0
    20       83           1
    20       85           2
    21       11           0
    21       14           1
    21       24           3
    21       30           4
    21       31           4
    21       36           1
    21       37           1
    21       51           4
    21       69           2
    21       76           0
    21       80           3
    21       91           2
    22        5           2
    22        6           3
    22       12           2
    22       20           3
    22       21           4
    22       22           0
    22       35           4
    22       71           1
    22       77           3
    22       92           1
    23       22           2
    23       26           2
    23       27           0
    23       34           4
    23       42           0
    23       44           1
    23       53           3
    23       58           2
    23       61           3
    23       64           1
    23       68           0
    23       96           3
    23       99           1
    24        1           2
    24        2           0
    24       20           0
    24       22           2
    24       24           3
    24       27           1
    24       33           4
    24       44           3
    24       48           1
    24       65           1
    24       76           2
    24       83           1
    24       94           1
    24       95           0
    25        5           3
    25        8           4
    25       16           3
    25       24           0
    25       29           3
    25       54           2
    25       55           2
    25       75           3
    25       88           1
    26        5           4
    26        6           4
    26       12           4
    26       28           1
    26       41           0
    26       66           0
    26       77           0
    26       83           2
    26       87           3
    26       95           1
    26       97           4
    27        6           4
    27       10           0
    27       31           0
    27       39           1
    27       55           3
    27       62           0
    27       69           0
    27       95           1
    27       99           2
    28       18           2
    28       23           0
    28       39           2
    28       41           3
    28       56           1
    28       71           0
    29        8           1
    29       17           0
    29       24           1
    29       28           1
    29       54           1
    29       56           3
    29       62           0
    29       67           4
    29       93           0
    29       95           3
    29      100           2
    30        9           4
    30       14           0
    30       17           2
    30       32           3
    30       46           1
    30       64           1
    30       66           3
    30       67           2
    30       76           3
    30      100           4
    31        6           3
    31        9           0
    31       25           4
    31       51           4
    31       59           1
    31       68           0
    31       80           0
    31       85           0
    31       94           3
    31      100           3
    32        9           3
    32       15           3
    32       23           0
    32       27           1
    32       37           0
    32       45           3
    32       49           4
    32       53           0
    32       56           4
    32       73           1
    32       87           2
    32       93           2
    32       95           0
    32       99           2
    33        3           1
    33       18           1
    33       36           0
    33       38           0
    33       60           2
    33       65           0
    33       71           1
    33       73           1
    33       85           4
    33       86           2
    34       52           2
    34       58           4
    34       60           1
    34       80           1
    34       83           1
    34       90           3
    34       93           3
    35       30           0
    35       31           0
    35       35           4
    35       80           1
    35       81           1
    35       93           2
    35       94           4
    36        5           3
    36       12           0
    36       30           2
    36       42           2
    36       48           3
    36       53           1
    36       58           2
    36       65           0
    36       67           1
    36       76           3
    36       84           4
    36       98           2
    37        1           3
    37       15           4
    37       19           2
    37       22           4
    37       28           0
    37       32           0
    37       38           3
    37       65           1
    38        4           3
    38        5           3
    38       16           2
    38       20           3
    38       22           1
    38       27           1
    38       32           1
    38       35           2
    38       46           0
    38       72           2
    38       79           0
    38       82           3
    38       83           2
    38      100           0
    39       10           0
    39       14           1
    39       21           3
    39       26           4
    39       32           0
    39       35           4
    39       38           4
    39       41           3
    39       59           1
    39       67           1
    39       86           4
    39       87           1
    39       91           3
    40        8           4
    40        9           2
    40       10           0
    40       14           4
    40       17           1
    40       23           1
    40       35           3
    40       44           1
    40       56           3
    40       57           2
    40       64           1
    40       65           2
    40       68           4
    40       70           3
    40       72           0
    40       92           3
    40       97           2
    40      100           1
    41        5           4
    41       13           4
    41       18           3
    41       46           4
    41       48           3
    41       52           2
    41       79           0
    41       89           3
    41       90           3
    41       96           4
    42       19           4
    42       40           3
    42       46           2
    42       52           1
    42       80           1
    42       82           4
    42       90           0
    42       99           0
    43        4           4
    43        9           1
    43       11           4
    43       18           4
    43       29           1
    43       35           2
    43       45           4
    43       69           4
    43       78           4
    43       88           3
    43       98           0
    44        3           3
    44       12           3
    44       13           4
    44       17           3
    44       23           2
    44       33           2
    44       37           0
    44       60           1
    44       71           4
    44       72           3
    44       76           4
    44       85           3
    44       92           2
    45       18           2
    45       20           1
    45       27           1
    45       40           0
    45       49           2
    45       53           4
    45       72           3
    45       89           0
    45       97           4
    46       10           3
    46       30           1
    46       54           3
    46       58           0
    46       82           2
    46       87           1
    47        9           2
    47       19           1
    47       29           3
    47       31           3
    47       33           3
    47       36           1
    47       41           1
    47       42           1
    47       43           2
    47       49           4
    47       55           3
    47       57           3
    47       59           3
    47       62           0
    47       65           1
    47       81           1
    47       86           3
    47       91           1
    47       92           4
    48       49           2
    48       51           2
    48       53           3
    48       60           3
    48       63           1
    48       79           0
    48       88           0
    48       89           1
    48       97           0
    49       10           0
    49       15           4
    49       16           0
    49       24           2
    49       38           4
    49       51           1
    49       54           2
    49       88           2
    50        1           0
    50        7           3
    50       12           4
    50       22           2
    50       23           0
    50       24           3
    50       29           0
    50       61           2
    50       68           3
    50       78           1
    50       85           4
    50       86           0
    50       87           3
    50       92           0
    50       93           2
    50       96           3
