     1        2           1
     1       10           2
     1       36           0
     1       55           2
     1       60           0
     1       75           0
     2        4           1
     2        5           2
     2        7           1
     2       10           3
     2       17           2
     2       65           3
     2       69           4
     2       70           1
     2       72           0
     3        4           0
     3       20           0
     3       27           0
     3       37           0
     3       38           0
     3       50           4
     3       58           0
     3       63           1
     3       76           4
     3       85           2
     4       18           4
     4       76           2
     5        5           2
     5        9           0
     5       31           3
     5       35           1
     5       43           4
     5       73           3
     5       78           2
     5       90           0
     6        3           1
     6       10           3
     6       31           2
     6       38           2
     6       39           3
     6       44           1
     6       46           2
     6       67           3
     6       82           1
     6       92           1
     6       94           1
     7        3           1
     7        9           3
     7       19           3
     7       30           2
     7       51           4
     7       52           3
     7       53           4
     7       57           0
     7       78           1
     7       81           2
     7       94           2
     7       99           0
     8        4           4
     8        7           1
     8        8           3
     8       10           2
     8       23           1
     8       30           3
     8       32           1
     8       37           2
     8       41           0
     8       51           4
     8       65           0
     8       70           4
     8       91           1
     8       96           3
     9        2           0
     9       12           0
     9       18           0
     9       26           3
     9       27           4
     9       28           3
     9       29           4
     9       50           1
     9       60           3
     9       67           3
     9       68           3
     9       69           3
     9       73           1
     9       74           0
     9       78           0
     9       84           0
    10        5           3
    10       24           2
    10       26           1
    10       37           3
    10       46           2
    10       51           3
    10       59           1
    10       66           3
    10       71           4
    10       95           1
    10       97           2
    10       99           1
    11        2           1
    11       11           1
    11       17           2
    11       49           4
    11       56           3
    11       71           0
    11       75           0
    11       79           1
    11       80           1
    11       89           0
    11       91           3
    12        9           4
    12       33           3
    12       53           2
    12       70           4
    13        6           0
    13        7           0
    13       14           0
    13       17           2
    13       26           4
    13       27           1
    13       30           1
    13       36           2
    13       54           4
    13       56           4
    13       78           1
    13       87           3
    13       96           4
    14        9           1
    14       13           0
    14       25           2
    14       26           1
    14       37           4
    14       43           1
    14       48           0
    14       59           4
    14       64           1
    14       66           3
    14       69           2
    15       26           0
    15       38           1
    15       39           3
    15       50           4
    15       66           3
    15       73           2
    16       17           4
    16       21           1
    16       41           3
    16       61           0
    16       69           2
    16       72           2
    16       76           4
    16       79           1
    16       80           0
    16       99           3
    17        3           0
    17        7           0
    17       16           4
    17       34           2
    17       46           1
    17       52           1
    17       66           1
    17       94           3
    17       98           4
    18        8           4
    18       29           2
    18       49           0
    18       58           4
    18       72           1
    18       73           3
    18       77           2
    18       79           3
    18       85           1
    18       92           1
    19        2           3
    19       15           4
    19       27           1
    19       53           0
    19       90           1
    19       91           4
    20        4           0
    20        7           4
    20       13           2
    20       20           3
    20       28           1
    20       34           2
    20       36           1
    20       41           2
    20       63           2
    20       65           4
    20       66           1
    20       92           0
    21        7           3
    21       10           1
    21       14           3
    21       17           3
    21       20           1
    21       31           4
    21       32           1
    21       60           2
    21       78           0
    21       93           2
    22        2           1
    22        8           3
    22       42           2
    22       48           0
    22       57           3
    22       77           1
    22       81           0
    22       85           0
    22       86           3
    23        1           1
    23       20           4
    23       29           3
    23       38           4
    23       43           4
    23       44           3
    23       54           0
    23       68           1
    23       70           2
    23       83           1
    24       11           1
    24       32           2
    24       70           4
    24       81           4
    24       83           1
    25        4           4
    25       16           3
    25       24           4
    25       26           0
    25       32           4
    25       33           3
    25       49           1
    25       50           1
    25       54           4
    25       63           2
    25       90           3
    25       95           3
    25       97           2
    26        4           1
    26       23           0
    26       27           2
    26       30           4
    26       39           4
    26       48           3
    26       52           3
    26       85           2
    26       88           4
    27        1           1
    27        9           3
    27       21           4
    27       25           2
    27       56           1
    27       71           0
    27       73           2
    27       96           0
    28        6           2
    28        8           1
    28       11           2
    28       26           2
    28       31           0
    28       39           2
    28       40           1
    28       45           0
    28       47           1
    28       53           3
    28       65           1
    28       72           3
    28       77           4
    28       89           3
    28       97           0
    28       99           0
    29       19           0
    29       21           1
    29       22           0
    29       29           4
    29       34           0
    29       42           1
    29       47           4
    29       48           1
    29       57           0
    29       62           1
    29       77           2
    29       85           0
    29       89           1
    29       93           2
    29       96           4
    30        5           4
    30        6           3
    30       10           4
    30       12           2
    30       15           4
    30       19           0
    30       51           2
    30       64           2
    30       71           2
    30       72           4
    30       74           3
    30       83           4
    31        9           4
    31       16           0
    31       22           0
    31       36           1
    31       46           2
    31       57           4
    31       62           4
    31       64           0
    31       68           3
    31       75           0
    31       79           1
    31       84           2
    31       88           4
    31       92           0
    32        3           4
    32        6           3
    32        8           4
    32       13           3
    32       18           0
    32       35           1
    32       51           3
    32       53           4
    32       63           4
    32       81           4
    32       83           0
    32       86           0
    32       87           1
    32       97           0
    33        5           2
    33       12           4
    33       23           1
    33       32           2
    33       44           4
    33       71           3
    33       86           2
    33       96           1
    34        1           3
    34        8           0
    34       15           3
    34       19           1
    34       23           3
    34       55           1
    34       83           2
    35        7           4
    35       16           2
    35       19           4
    35       29           1
    35       33           3
    35       34           2
    35       38           4
    35       59           1
    35       65           4
    35       74           1
    35       75           2
    35       93           4
    36        1           0
    36       35           3
    36       36           0
    36       67           0
    36       68           0
    36       69           3
    36       71           4
    36       84           2
    36       87           2
    37        9           3
    37       14           1
    37       17           3
    37       25           3
    37       43           0
    37       46           1
    37       49           2
    37       50           4
    37       54           4
    37       64           0
    37       73           3
    37       74           3
    37       77           3
    37       88           4
    37       90           2
    37       91           4
    37       97           4
    38       15           3
    38       26           4
    38       28           4
    38       29           1
    38       34           2
    38       68           3
    38       70           4
    38       84           2
    38       90           1
    38       94           1
    38      100           0
    39       12           1
    39       16           1
    39       22           4
    39       25           1
    39       48           0
    39       55           4
    39       58           3
    39       72           2
    39       95           2
    40        4           1
    40        5           2
    40       39           0
    40       40           4
    40       47           0
    40       52           3
    40       58           4
    40       62           2
    40       75           3
    40       79           4
    40       84           4
    41       13           3
    41       16           4
    41       32           2
    41       55           0
    41       57           2
    41       83           0
    42        5           0
    42       13           2
    42       45           2
    42       47           2
    42       87           4
    42       98           1
    43        3           4
    43        9           4
    43       28           3
    43       44           0
    43       46           0
    43       57           1
    43       59           4
    43       92           3
    43       93           4
    43      100           2
    44        3           2
    44       15           3
    44       35           3
    44       60           0
    44       61           1
    44       84           0
    44       91           2
    45        7           4
    45       10           3
    45       18           3
    45       23           2
    45       41           2
    45       43           4
    45       50           1
    46       20           4
    46       61           4
    46       63           4
    46       66           1
    46       68           1
    47       24           3
    47       29           4
    47       30           0
    47       39           4
    47       45           3
    47       52           3
    47       60           3
    47       67           3
    47       79           3
    47       94           4
    47       95           2
    47       99           2
    48       13           4
    48       16           0
    48       24           4
    48       38           2
    48       40           4
    48       43           2
    48       45           1
    48       58           3
    48       67           3
    48       85           3
    48       88           2
    48       97           1
    48       98           2
    49        4           4
    49       12           2
    49       14           0
    49       58           1
    49       88           2
    49       93           3
    49      100           2
    50       20           4
    50       24           0
    50       40           0
    50       56           1
    50       74           3
    50       80           2
    50       81           0
    50       92           3
    50       95           2
