     1        3           0
     1        8           1
     1       32           0
     1       43           4
     1       44           2
     1       47           3
     1       50           3
     1       58           2
     1       72           3
     1       75           2
     1       78           4
     1       84           0
     2        1           0
     2       17           4
     2       24           3
     2       26           3
     2       29           2
     2       52           2
     2       64           1
     2       66           2
     2       71           4
     2       86           1
     3        4           3
     3       10           3
     3       17           3
     3       25           2
     3       32           3
     3       49           4
     3       62           1
     3       66           0
     3       70           1
     3       80           4
     3       82           0
     4       16           3
     4       32           4
     4       33           1
     4       40           2
     4       60           2
     4       67           1
     4       69           4
     4       76           2
     4       80           1
     5       15           0
     5       25           2
     5       33           3
     5       34           1
     5       36           1
     5       47           4
     5       60           2
     5       80           0
     5       91           1
     5       92           0
     6        5           2
     6       17           3
     6       31           1
     6       38           4
     6       39           1
     6       51           3
     6       61           0
     6       63           0
     6       70           3
     6       84           1
     6       87           2
     7       28           3
     7       91           3
     8       39           1
     8       45           4
     8       55           1
     8       62           1
     8       90           0
     8       96           0
     9       10           2
     9       13           2
     9       26           3
     9       39           0
     9       45           1
     9       56           4
     9       57           3
     9       69           0
     9       78           1
     9       86           2
     9       88           3
     9       89           0
     9       96           3
    10        2           0
    10        8           3
    10       35           4
    10       58           1
    11        1           4
    11        5           3
    11        8           0
    11       18           4
    11       24           4
    11       34           1
    11       40           3
    11       52           3
    11       59           2
    11       77           4
    11       80           0
    11       92           1
    11       95           3
    12       10           4
    12       23           0
    12       24           0
    12       53           2
    12       55           3
    12       68           3
    12       75           2
    12       79           0
    12       86           1
    13       22           0
    13       28           0
    13       29           0
    13       36           3
    13       42           3
    13       64           2
    13       81           3
    13       89           3
    13       94           4
    14        3           2
    14        8           3
    14       60           3
    14       68           0
    14       73           4
    14       90           0
    14       94           2
    14       99           3
    15        2           0
    15        7           1
    15       22           4
    15       24           3
    15       30           0
    15       44           3
    15       75           0
    15       79           1
    15       82           4
    15       94           3
    16       11           3
    16       12           4
    16       15           1
    16       18           3
    16       27           3
    16       43           3
    16       64           0
    16       70           0
    16       77           2
    16       88           2
    16       89           1
    16       92           4
    17       15           0
    17       48           4
    17       50           2
    17       65           0
    17       74           2
    17       78           1
    17       91           3
    18       12           4
    18       36           2
    18       37           2
    18       55           4
    18       58           2
    18       64           2
    18       72           3
    18       77           4
    18       88           1
    18       91           2
    18       95           4
    18      100           3
    19        1           2
    19        6           2
    19       14           1
    19       23           3
    19       31           3
    19       50           0
    19       71           2
    19       75           2
    19       86           0
    20       12           0
    20       15           4
    20       25           3
    20       31           2
    20       34           3
    20       61           0
    20       68           2
    20       88           1
    20       94           3
    21        4           0
    21       16           3
    21       33           3
    21       35           3
    21       46           1
    21       53           2
    21       59           4
    21       72           1
    21       79           0
    21       95           2
    22       27           4
    22       43           3
    22       46           4
    22       63           2
    22       69           2
    22       99           3
    22      100           0
    23       19           3
    23       26           2
    23       38           1
    23       69           3
    23       97           1
    23      100           1
    24        4           2
    24        9           0
    24       15           1
    24       24           1
    24       30           4
    24       32           0
    24       54           1
    24       83           1
    24       87           0
    24       98           2
    24       99           0
    25       11           2
    25       12           2
    25       13           3
    25       33           4
    25       36           0
    25       42           1
    25       46           4
    25       47           2
    25       48           4
    25       51           3
    25       52           1
    25       56           1
    25       63           2
    25       74           4
    25       77           4
    25       83           2
    25       85           2
    26        4           4
    26       13           3
    26       19           1
    26       20           4
    26       22           1
    26       38           1
    26       39           0
    26       52           4
    26       58           4
    26       66           4
    26       80           1
    27       12           1
    27       36           1
    27       38           0
    27       47           3
    27       50           0
    27       55           3
    27       56           2
    27       67           1
    27       85           1
    27       96           4
    28       10           4
    28       17           0
    28       20           1
    28       21           0
    28       41           4
    28       53           1
    28       55           2
    28       59           0
    28       71           0
    28       93           2
    28      100           2
    29       14           2
    29       20           0
    29       23           2
    29       30           0
    29       33           3
    29       42           0
    29       49           4
    29       51           4
    29       54           4
    29       68           1
    29       79           1
    29       84           1
    29       94           2
    30        1           4
    30       29           2
    30       34           4
    30       52           3
    30       62           3
    30       67           1
    30       74           2
    30       77           0
    30       83           2
    31       26           0
    31       37           4
    31       42           2
    31       43           3
    31       60           0
    31       61           1
    31       74           3
    31       76           0
    31       89           3
    32        8           3
    32       13           3
    32       26           1
    32       30           4
    32       31           3
    32       40           2
    32       48           4
    32       66           0
    32       73           1
    32       91           1
    32       93           4
    32       98           1
    32      100           4
    33        2           2
    33       13           1
    33       17           2
    33       22           3
    33       23           0
    33       27           1
    33       30           1
    33       33           2
    33       38           0
    33       57           1
    33       64           2
    33       65           0
    33       71           2
    33       84           4
    33       91           4
    33       92           1
    33       95           2
    33       99           1
    34       12           0
    34       19           4
    34       22           3
    34       24           4
    34       44           3
    34       47           1
    34       48           2
    34       53           0
    34       63           1
    34       80           1
    34       87           2
    35       27           3
    35       54           4
    35       57           0
    35       60           2
    35       62           1
    35       81           0
    35       89           0
    36        7           1
    36        9           0
    36       14           4
    36       16           1
    36       34           4
    36       41           4
    36       59           3
    36       76           4
    36       96           4
    36       99           2
    37        5           0
    37       10           1
    37       18           4
    37       27           3
    37       29           0
    37       37           1
    37       40           4
    37       56           1
    37       59           1
    37       68           2
    37       71           0
    37       82           3
    38        2           1
    38        8           0
    38       18           1
    38       20           2
    38       28           4
    38       32           4
    38       38           2
    38       58           2
    38       61           0
    38       65           1
    38       70           3
    38       74           4
    38       75           4
    38       80           2
    38      100           3
    39       13           3
    39       14           1
    39       29           0
    39       41           2
    39       45           2
    39       47           4
    39       49           2
    39       66           1
    39       78           4
    40        1           0
    40        9           3
    40       16           4
    40       17           4
    40       23           1
    40       25           4
    40       51           1
    40       54           2
    40       62           1
    40       65           1
    40       73           3
    41        2           1
    41        6           2
    41       19           2
    41       23           2
    41       39           0
    41       41           0
    41       75           3
    41       90           4
    42        2           4
    42       24           4
    42       47           2
    42       63           2
    42       81           2
    42       82           2
    42       91           0
    42       93           1
    43        4           1
    43        6           4
    43       14           4
    43       39           1
    43       44           3
    43       49           3
    43       61           1
    43       69           3
    43       81           3
    43       93           0
    43       97           3
    44        1           3
    44        4           3
    44       21           3
    44       26           0
    44       29           3
    44       59           1
    44       63           4
    44       66           4
    44       88           3
    45        9           3
    45       11           2
    45       36           4
    45       56           4
    45       66           0
    45       67           3
    45       76           1
    45       97           1
    46        9           0
    46       46           1
    46       57           2
    46       58           4
    46       61           0
    46       76           2
    46       99           1
    47        4           1
    47        5           1
    47       15           4
    47       21           4
    47       27           2
    47       34           0
    47       37           0
    47       39           2
    47       42           3
    47       43           3
    47       54           0
    47       78           4
    47       88           0
    47       98           2
    48        9           1
    48       13           3
    48       28           0
    48       30           1
    48       50           3
    48       55           1
    48       59           1
    48       65           4
    48       67           0
    48       72           0
    48       81           0
    48       90           1
    49       20           2
    49       23           4
    49       32           0
    49       43           3
    49       72           0
    49       76           1
    49       80           1
    49       96           4
    50        4           3
    50        6           1
    50       11           4
    50       35           0
    50       41           0
    50       48           4
    50       62           0
    50       95           3
