     1       10           4
     1       15           4
     1       25           2
     1       32           4
     1       59           0
     1       80           1
     2       28           4
     2       36           4
     2       41           1
     2       59           2
     2       62           0
     2       71           4
     2       75           0
     2       93           3
     3        9           2
     3       15           3
     3       25           4
     3       31           0
     3       43           4
     3       60           1
     4        3           3
     4        4           0
     4       17           3
     4       21           4
     4       29           4
     4       48           3
     4       53           1
     4       54           4
     4       68           2
     4       69           2
     4       74           0
     4       93           3
     5        8           3
     5       18           1
     5       21           0
     5       34           0
     5       37           2
     5       58           2
     5       60           3
     5       66           4
     5       71           0
     5       76           4
     5       78           1
     5       86           1
     5       92           4
     6       11           1
     6       12           1
     6       14           4
     6       32           3
     6       45           0
     6       72           2
     6       75           1
     6       80           0
     6       83           4
     7       25           1
     7       38           0
     7       44           1
     7       58           0
     7       62           2
     7       65           3
     7       67           2
     7       80           1
     7       81           1
     7       82           0
     7       96           0
     7       97           4
     8        3           4
     8       13           3
     8       22           3
     8       28           4
     8       31           4
     8       39           4
     8       57           2
     8       62           1
     8       84           4
     9        1           4
     9       16           1
     9       22           3
     9       40           4
     9       52           4
     9       67           3
     9       69           4
     9       72           1
     9       74           0
     9       81           4
     9       82           1
     9       84           3
     9       88           3
     9       90           2
    10       12           3
    10       42           0
    10       50           2
    10       61           1
    10       65           4
    10       80           0
    10       90           2
    10       91           2
    11       10           2
    11       11           0
    11       13           3
    11       28           3
    11       32           4
    11       40           3
    11       42           2
    11       49           0
    11       57           4
    11       61           0
    11       68           2
    11       84           2
    11       89           1
    11       90           0
    11       91           4
    12        3           0
    12       14           3
    12       39           1
    12       41           3
    12       52           2
    12       56           3
    12       61           4
    13        5           4
    13       14           4
    13       18           1
    13       30           0
    13       55           0
    13       58           1
    13       61           2
    13       72           3
    13       91           3
    14        2           1
    14       31           2
    14       33           0
    14       42           0
    14       85           0
    14       92           1
    14       93           2
    14       98           3
    14       99           0
    15       10           4
    15       26           0
    15       32           0
    15       38           3
    15       46           4
    15       47           2
    15       50           2
    15       63           3
    15       69           3
    15       71           2
    15       83           1
    15       89           1
    16       28           4
    16       40           3
    16       41           2
    16       45           3
    16       66           3
    16       68           4
    16       76           0
    16       81           2
    16       91           0
    16       94           1
    16       99           2
    17       23           4
    17       52           0
    17       58           4
    17       63           3
    17       67           4
    17       98           3
    18        2           3
    18       43           1
    18       48           2
    18       62           3
    18       70           3
    18       74           2
    19        4           1
    19        7           3
    19       12           0
    19       16           1
    19       29           1
    19       30           3
    19       32           3
    19       70           1
    19       87           3
    19      100           4
    20        2           2
    20       21           4
    20       43           0
    20       60           1
    20       66           4
    20       67           1
    20       70           4
    20       81           3
    20       86           4
    21       36           0
    21       45           3
    21       46           4
    21       80           3
    21       82           2
    22        5           0
    22       19           2
    22       20           0
    22       31           3
    22       39           3
    22       52           1
    22       53           2
    22       74           2
    22       95           4
    23        3           0
    23        7           2
    23       13           1
    23       15           4
    23       29           2
    23       33           1
    23       35           4
    23       50           0
    23       57           1
    23       78           1
    24        9           4
    24       16           0
    24       18           4
    24       23           4
    24       55           0
    24       72           4
    24       75           1
    24       95           2
    24       97           0
    25       10           3
    25       13           1
    25       14           0
    25       17           0
    25       19           0
    25       25           1
    25       53           0
    25       54           2
    25       62           3
    25       76           0
    25       81           0
    25       98           3
    25      100           2
    26       15           3
    26       20           2
    26       22           1
    26       24           3
    26       35           4
    26       42           3
    26       43           1
    26       47           4
    26       50           4
    26       56           4
    26       60           0
    26       61           2
    26       66           0
    26       69           2
    26       91           3
    26       92           4
    27        2           3
    27        9           2
    27       13           4
    27       22           0
    27       34           4
    27       40           2
    27       48           3
    27       60           3
    27       76           4
    27       77           3
    27       97           1
    28        6           3
    28       27           4
    28       46           2
    28       59           2
    28       65           1
    28       82           0
    28       87           1
    29       12           3
    29       19           1
    29       22           0
    29       34           2
    29       35           0
    29       45           0
    29       47           2
    29       48           3
    29       54           1
    29       60           4
    29       68           2
    29       76           3
    29       83           1
    29       88           2
    29       90           3
    30        3           0
    30       17           1
    30       38           1
    30       53           4
    30       73           2
    30       89           1
    31        5           2
    31       11           0
    31       21           3
    31       23           4
    31       26           0
    31       28           1
    31       32           0
    31       38           1
    31       46           0
    31       50           3
    31       77           0
    31       95           1
    31       96           1
    32       11           4
    32       19           1
    32       30           3
    32       40           1
    32       42           2
    32       47           4
    32       51           0
    32       59           1
    32       65           1
    32       71           0
    32       72           0
    32       73           3
    32       75           2
    32       80           4
    32      100           1
    33       17           2
    33       21           0
    33       31           2
    33       33           1
    33       64           2
    33       65           1
    33       78           3
    33       88           0
    33       93           4
    33       95           1
    34        7           1
    34       25           0
    34       35           3
    34       63           3
    34       78           1
    34       84           0
    34       92           4
    35        1           4
    35       16           1
    35       18           3
    35       19           3
    35       36           1
    35       38           4
    35       46           3
    35       49           2
    35       61           2
    35       83           3
    35       86           4
    35       98           2
    35       99           0
    35      100           4
    36        5           0
    36       29           0
    36       30           0
    36       67           2
    36       99           0
    37        7           4
    37       20           2
    37       27           2
    37       36           4
    37       51           3
    37       68           0
    37       87           2
    37       90           1
    37       96           4
    38        8           3
    38       15           0
    38       35           2
    38       44           2
    38       73           1
    38       78           2
    38       81           3
    38       87           2
    39        6           2
    39       17           0
    39       25           3
    39       43           1
    39       44           0
    39       50           4
    39       62           3
    39       64           0
    39       69           4
    39       73           1
    39       83           2
    39       97           2
    39       99           4
    40        5           1
    40       13           0
    40       18           1
    40       23           2
    40       24           1
    40       28           2
    40       37           2
    40       46           0
    40       66           3
    40       71           4
    40       75           1
    40       76           1
    40       97           1
    41       13           3
    41       14           1
    41       24           4
    41       29           3
    41       49           0
    41       63           4
    41       70           3
    41       88           4
    41       93           2
    42        8           2
    42       28           3
    42       33           3
    42       37           1
    42       45           0
    42       50           2
    42       52           2
    42       59           0
    42       64           4
    42       82           2
    42       89           2
    43       24           3
    43       33           0
    43       41           4
    43       59           0
    43       71           0
    43       74           2
    43       90           4
    44       11           1
    44       32           1
    44       36           0
    44       39           1
    44       51           4
    44       52           1
    44       61           0
    44       83           4
    44       96           3
    45        4           1
    45        7           3
    45       24           3
    45       27           2
    45       35           2
    45       44           3
    45       87           1
    45       89           2
    46        6           4
    46        9           4
    46       20           0
    46       36           2
    46       48           4
    46       59           4
    46       85           1
    46       98           1
    47       16           4
    47       23           1
    47       26           4
    47       31           3
    47       41           0
    47       47           0
    47       54           2
    47       55           1
    47       58           0
    47       70           2
    47       72           1
    47       77           2
    48       14           1
    48       27           0
    48       31           0
    48       47           0
    48       57           3
    48       72           3
    48       77           0
    48       89           3
    48       94           1
    48       97           2
    48       99           2
    49       19           0
    49       27           0
    49       41           4
    49       48           3
    49       49           4
    49       55           4
    49       65           4
    49       68           4
    49       72           3
    49       73           0
    49       86           4
    49       91           1
    49       96           3
    49      100           2
    50        1           2
    50        8           2
    50       14           4
    50       15           3
    50       29           4
    50       59           0
    50       66           2
    50       96           2
    50       98           2
