     1       31           0
     1       36           3
     1       40           2
     1       50           4
     1       86           3
     2       24           1
     2       25           0
     2       27           1
     2       36           1
     2       40           3
     2       55           2
     2       56           4
     2       79           2
     2       81           0
     3        3           2
     3        9           4
     3       44           1
     3       47           1
     3       73           3
     3       87           4
     3       90           2
     3       91           4
     3       99           1
     3      100           0
     4        9           2
     4       18           1
     4       27           3
     4       44           2
     4       68           1
     4       78           2
     4       79           0
     4       81           4
     4       83           4
     4       89           2
     5        7           4
     5       22           0
     5       29           1
     5       32           4
     5       49           0
     5       51           0
     5       59           3
     5       73           3
     5       94           4
     5       99           3
     5      100           1
     6       14           1
     6       19           4
     6       26           0
     6       33           4
     6       35           0
     6       42           0
     6       52           4
     6       57           2
     6       59           0
     6       68           4
     6       70           0
     6       80           3
     6       83           4
     6       86           2
     6       98           4
     6      100           0
     7        2           0
     7       17           1
     7       22           1
     7       33           4
     7       56           4
     7       66           3
     7       67           3
     7       70           3
     8        7           0
     8       36           3
     8       38           1
     8       43           0
     8       45           0
     8       64           1
     8       93           2
     8       95           0
     9        1           0
     9       13           1
     9       24           1
     9       40           2
     9       56           0
     9       72           2
     9       80           2
     9       81           0
     9       82           3
     9       85           1
    10        7           1
    10       20           3
    10       26           3
    10       52           3
    10       57           3
    10       75           2
    10       76           3
    10       84           0
    10       85           2
    10       99           4
    10      100           3
    11        1           3
    11        3           4
    11       17           3
    11       29           1
    11       34           1
    11       38           2
    11       41           0
    11       52           4
    11       54           0
    11       61           2
    11       66           3
    11       67           2
    11       74           0
    11       78           2
    11       90           0
    11       91           0
    12        6           2
    12       18           3
    12       22           2
    12       37           2
    12       45           2
    12       49           3
    12       71           0
    12       72           0
    12       75           2
    12       79           0
    12       81           2
    12       84           2
    12       98           3
    13        3           3
    13        5           3
    13        8           4
    13       14           4
    13       15           2
    13       16           0
    13       19           0
    13       20           4
    13       64           2
    13       70           4
    13       76           0
    14       16           2
    14       18           2
    14       22           2
    14       25           1
    14       37           4
    14       41           4
    15        5           1
    15       20           3
    15       29           0
    15       35           0
    15       44           3
    15       57           0
    15       58           3
    15       74           2
    15       75           2
    16        5           0
    16       11           3
    16       13           0
    16       22           1
    16       24           3
    16       26           1
    16       31           3
    16       36           3
    16       48           3
    16       50           2
    16       60           0
    16       89           3
    17       24           0
    17       27           2
    17       33           2
    17       50           1
    17       54           1
    17       62           0
    17       73           3
    17       79           2
    18        7           1
    18       17           4
    18       36           3
    18       39           0
    18       48           1
    18       49           4
    18       51           3
    18       52           2
    18       61           2
    18       92           0
    19       17           3
    19       42           4
    19       53           4
    19       56           4
    19       58           2
    19       64           3
    19       74           0
    19       84           3
    19       91           4
    19       92           1
    19       97           2
    19      100           1
    20        1           2
    20       11           0
    20       25           0
    20       45           4
    20       51           4
    20       56           2
    20       60           2
    20       64           1
    20       67           1
    20       78           3
    21        4           2
    21       13           2
    21       19           4
    21       28           1
    21       42           4
    21       53           2
    21       54           2
    21       72           4
    21       93           0
    21       94           2
    22        6           4
    22       34           1
    22       46           2
    22       61           2
    22       62           0
    22       73           2
    23       27           2
    23       33           0
    23       40           0
    23       53           3
    24       12           1
    24       14           4
    24       26           4
    24       38           3
    24       48           0
    24       54           4
    24       65           4
    24       72           4
    24       94           4
    24       96           3
    25       15           4
    25       20           1
    25       49           3
    25       51           4
    25       71           2
    25       73           4
    25       78           4
    26       16           2
    26       32           4
    26       37           3
    26       48           2
    26       55           0
    26       62           3
    26       66           2
    26       68           0
    26       72           1
    26       76           2
    26       78           2
    26       95           4
    27       12           4
    27       42           3
    27       46           3
    27       47           4
    27       53           2
    27       62           4
    27       71           0
    27       77           0
    27       94           2
    28        1           0
    28       11           1
    28       14           0
    28       22           0
    28       23           4
    28       25           1
    28       30           4
    28       38           3
    28       44           0
    28       63           4
    28       72           1
    28       84           4
    28       86           4
    28       91           1
    29        1           0
    29       12           1
    29       15           4
    29       18           0
    29       32           0
    29       34           0
    29       40           3
    29       50           4
    29       70           4
    29       85           0
    29       96           3
    30       17           2
    30       26           3
    30       27           4
    30       28           0
    30       49           0
    30       55           2
    30       58           1
    30       63           0
    30       78           4
    30       92           4
    31        4           1
    31       13           2
    31       16           1
    31       19           1
    31       37           1
    31       42           4
    31       44           1
    31       61           1
    31       64           1
    31       74           2
    31       77           1
    31       90           1
    32       35           3
    32       42           0
    32       43           1
    32       49           3
    32       53           3
    32       68           0
    32       82           3
    32       91           0
    33       31           2
    33       34           4
    33       46           1
    33       82           3
    33       87           4
    33       94           1
    33       96           4
    33       98           3
    34        2           0
    34        9           3
    34       11           2
    34       13           1
    34       23           0
    34       33           4
    34       43           0
    34       63           0
    34       74           2
    34       81           2
    34       86           1
    34       97           2
    35       17           0
    35       40           3
    35       58           2
    36        4           2
    36       20           0
    36       30           4
    36       35           0
    36       44           4
    36       66           4
    36       79           0
    36      100           1
    37       10           4
    37       24           1
    37       26           4
    37       27           4
    37       47           1
    37       67           3
    37       69           3
    37       83           2
    37       88           4
    37       90           0
    38        5           3
    38       19           2
    38       23           4
    38       36           1
    38       41           3
    38       50           0
    38       54           3
    38       65           4
    38       73           0
    38       83           0
    38       90           4
    39        5           3
    39       31           3
    39       38           0
    39       41           4
    39       42           4
    39       51           0
    39       58           4
    39       68           4
    39       73           4
    39       99           1
    40        2           2
    40       20           4
    40       23           0
    40       41           0
    40       46           3
    40       50           4
    40       67           0
    40       71           0
    40       78           0
    41        1           0
    41        2           2
    41        4           4
    41       12           0
    41       30           4
    41       34           2
    41       50           0
    41       52           1
    41       60           4
    41       75           0
    41       78           0
    41       88           0
    42        2           2
    42        4           3
    42        9           1
    42       21           3
    42       39           0
    42       58           3
    42       76           0
    42       77           4
    42       91           3
    42       93           2
    42       95           1
    43        8           4
    43       19           1
    43       21           4
    43       22           3
    43       23           2
    43       28           3
    43       29           0
    43       44           3
    43       59           0
    43       60           0
    43       61           0
    43       75           2
    43       76           0
    43       77           2
    43       79           2
    43       97           3
    43      100           2
    44        6           1
    44       10           0
    44       14           0
    44       25           4
    44       87           2
    44       95           4
    45       31           3
    45       33           1
    45       34           2
    45       37           3
    45       65           0
    45       66           0
    45       82           1
    45       87           3
    45       93           3
    46        4           0
    46       23           2
    46       28           4
    46       49           0
    46       52           1
    46       65           3
    46       70           4
    46       87           4
    46       89           1
    46       95           1
    47        8           3
    47       20           3
    47       26           0
    47       45           0
    47       46           2
    47       54           1
    47       57           4
    47       80           1
    47       81           4
    47       85           2
    47       90           2
    48        3           1
    48       10           2
    48       13           3
    48       38           4
    48       40           2
    48       48           0
    48       49           0
    48       55           1
    48       66           4
    48       69           3
    48       77           1
    49       17           0
    49       23           3
    49       40           0
    49       43           0
    49       46           1
    49       50           3
    49       65           4
    49       66           4
    49       72           2
    49       80           2
    49       87           2
    49       88           2
    49       96           4
    50        3           0
    50        6           1
    50        8           2
    50        9           1
    50       27           0
    50       29           1
    50       57           3
    50       60           0
    50       80           0
    50       82           2
    50       85           1
    50       92           0
    50       96           4
