     1       19           1
     1       25           1
     1       28           1
     1       38           3
     1       61           0
     1       64           4
     1       65           2
     1       75           1
     1       91           3
     1       99           3
     1      100           1
     2        7           3
     2       21           1
     2       23           3
     2       33           2
     2       42           3
     2       55           4
     3        9           1
     3       17           3
     3       39           2
     3       48           2
     3       57           3
     3       58           3
     3       64           3
     3       75           1
     3       85           3
     3       92           0
     3       99           4
     4       42           0
     4       60           1
     4       65           3
     4       67           1
     4       78           2
     4       79           3
     4       89           2
     4       93           1
     5        5           3
     5       13           1
     5       33           3
     5       42           1
     5       43           3
     5       59           0
     5       75           2
     5       82           2
     5       84           4
     5       86           4
     5       98           4
     6       11           0
     6       12           1
     6       17           2
     6       46           2
     6       57           4
     6       58           4
     6       71           4
     6       82           4
     6       91           0
     6       98           1
     7        8           3
     7       10           0
     7       16           1
     7       22           1
     7       24           1
     7       28           2
     7       31           4
     7       35           0
     7       52           2
     7       66           3
     8        5           4
     8        6           4
     8       20           3
     8       78           1
     8       81           4
     8       94           4
     9        2           0
     9       12           1
     9       24           4
     9       29           1
     9       31           4
     9       35           4
     9       37           3
     9       44           1
     9       51           1
     9       68           4
     9       72           3
     9       75           3
     9       83           1
     9       92           3
     9       94           1
    10        2           2
    10        6           3
    10       27           4
    10       30           4
    10       35           1
    10       46           3
    10       54           0
    10       59           1
    10       91           1
    10       96           2
    11        9           3
    11       30           0
    11       36           0
    11       47           4
    11       55           2
    11       59           0
    11       70           2
    11       71           0
    11       94           2
    12        4           0
    12       32           3
    12       49           2
    12       53           0
    12       55           4
    12       58           1
    12       62           4
    12       81           2
    12       92           0
    12      100           4
    13       26           4
    13       43           2
    13       44           3
    13       55           3
    13      100           3
    14        3           4
    14       15           1
    14       29           3
    14       34           3
    14       39           1
    14       49           3
    14       63           2
    14       69           1
    14       72           1
    14       79           3
    14       86           3
    15        8           0
    15       24           4
    15       26           1
    15       42           3
    15       48           3
    15       53           3
    15       64           4
    15       70           3
    15       74           4
    15       80           0
    15       87           4
    16       21           3
    16       28           1
    16       32           4
    16       34           2
    16       37           2
    16       51           0
    16       54           3
    16       68           3
    16       75           4
    16       88           2
    17        5           1
    17       19           1
    17       29           4
    17       33           3
    17       34           1
    17       68           3
    17       77           1
    17       95           2
    17       96           1
    17      100           0
    18        4           1
    18        9           0
    18       12           0
    18       30           3
    18       51           1
    18       60           0
    18       68           0
    19        6           1
    19       16           0
    19       37           4
    19       38           4
    19       48           3
    19       53           2
    19       64           0
    19       74           1
    19       75           2
    19       81           2
    19       89           4
    19       93           3
    19      100           4
    20        3           4
    20        5           0
    20       10           1
    20       30           3
    20       55           1
    20       76           1
    20       86           1
    20       96           0
    20       97           4
    21       11           1
    21       14           2
    21       19           4
    21       27           0
    21       32           0
    21       38           3
    21       49           1
    21       56           3
    21       61           0
    21       63           4
    21       65           3
    21       99           4
    22       15           3
    22       34           3
    22       35           1
    22       36           0
    22       43           0
    22       47           4
    22       73           1
    22       75           3
    22       76           2
    22       78           1
    22       89           2
    22       94           4
    23        1           2
    23        4           1
    23       10           1
    23       13           4
    23       14           0
    23       18           4
    23       41           4
    23       44           2
    23       50           4
    23       54           0
    23       55           4
    23       61           3
    23       69           0
    23       71           4
    23       74           2
    23       95           0
    23      100           2
    24        4           2
    24       11           4
    24       14           0
    24       16           1
    24       34           0
    24       43           2
    24       52           4
    24       57           2
    24       58           3
    24       63           2
    24       67           2
    24       68           4
    24       73           4
    24       88           0
    24       91           1
    25        1           4
    25        3           3
    25       23           3
    25       36           1
    25       40           0
    25       42           2
    25       48           2
    25       49           2
    25       67           1
    25       69           3
    25       70           1
    25       83           0
    25       86           4
    25       87           1
    25       93           2
    26        2           0
    26        7           4
    26       15           4
    26       19           1
    26       23           3
    26       29           0
    26       42           2
    26       51           3
    26       74           3
    26       81           0
    26       84           4
    26       87           2
    26       93           0
    26       94           1
    26       97           1
    26      100           0
    27       15           3
    27       27           2
    27       40           4
    27       52           1
    27       59           2
    27       63           3
    27       68           3
    27       70           2
    27       78           1
    27       99           3
    28        7           2
    28       23           0
    28       65           3
    28       90           3
    28       92           3
    29       14           3
    29       37           2
    29       45           3
    29       46           3
    29       47           2
    29       57           2
    29       58           1
    29       65           4
    29       74           1
    29       75           4
    29       76           3
    29       86           3
    29       91           0
    30       12           1
    30       15           2
    30       19           4
    30       22           4
    30       27           3
    30       31           2
    30       32           4
    30       33           2
    30       47           2
    30       51           3
    30       53           4
    30       56           1
    30       62           4
    30       80           1
    30       81           0
    30       83           4
    31        1           0
    31        7           0
    31       12           0
    31       13           2
    31       34           3
    31       36           1
    31       39           1
    31       52           1
    31       63           3
    31       84           3
    31       97           2
    32       16           0
    32       40           0
    32       48           3
    32       50           1
    32       56           4
    32       59           3
    32       78           3
    32       81           0
    32       93           1
    32       97           0
    33        2           3
    33        3           4
    33        7           0
    33        8           1
    33       16           3
    33       18           4
    33       19           3
    33       24           2
    33       33           4
    33       34           1
    33       54           4
    33       78           0
    33       91           3
    33       92           4
    33       99           3
    34       21           3
    34       33           2
    34       39           3
    34       46           0
    34       52           4
    34       61           3
    34       62           1
    34       63           0
    34       67           0
    34       72           4
    34       73           4
    34       77           3
    34       78           1
    34       86           3
    34       88           0
    34       96           2
    35        1           2
    35        9           4
    35       18           1
    35       21           1
    35       40           0
    35       41           1
    35       50           1
    35       85           1
    35       87           4
    36        5           0
    36       10           0
    36       14           3
    36       16           4
    36       22           3
    36       28           4
    36       35           1
    36       46           1
    36       60           1
    36       66           0
    36       71           1
    36       93           0
    36       99           4
    37       21           4
    37       28           2
    37       49           1
    37       53           4
    37       62           2
    37       85           2
    38        7           3
    38       11           1
    38       20           1
    38       23           1
    38       33           1
    38       71           2
    38       82           4
    38       87           1
    39        5           4
    39        9           4
    39       19           2
    39       22           0
    39       28           0
    39       43           4
    39       56           1
    39       64           1
    39       71           2
    39       74           4
    39       79           0
    39       80           0
    39       94           1
    39       97           3
    40       41           1
    40       50           3
    40       60           2
    40       66           1
    40       67           0
    40       94           2
    40       96           1
    41        6           4
    41        7           0
    41       28           4
    41       30           3
    41       50           3
    41       63           0
    41       77           2
    41       80           2
    41       82           1
    41       83           0
    41       89           1
    41       98           2
    41      100           0
    42       39           3
    42       43           4
    42       58           1
    42       85           1
    43       26           0
    43       32           4
    43       35           2
    43       48           1
    43       64           0
    43       68           2
    43       82           4
    43       87           1
    44       10           3
    44       20           2
    44       22           2
    44       32           2
    44       41           4
    44       48           1
    44       52           0
    44       54           0
    44       66           3
    44       79           1
    45       17           4
    45       20           1
    45       29           2
    45       30           3
    45       89           0
    45       90           3
    46       15           1
    46       23           2
    46       51           2
    46       52           0
    46       89           2
    46       90           1
    46       97           2
    47       11           4
    47       27           3
    47       39           4
    47       45           0
    47       49           3
    47       54           2
    47       59           4
    47       71           0
    47       73           4
    47       88           4
    48        1           3
    48        2           0
    48        3           1
    48       20           1
    48       23           0
    48       35           4
    48       47           3
    48       53           4
    48       68           3
    48       69           3
    48       79           3
    48       82           4
    48       86           2
    49        1           2
    49       11           4
    49       25           4
    49       45           0
    49       50           0
    49       54           3
    49       55           1
    49       57           4
    49       61           0
    49       70           3
    49       73           2
    49       96           0
    50        6           4
    50        7           4
    50       54           2
    50       82           0
    50       92           1
