     1        6           3
     1       26           2
     1       39           2
     1       47           2
     1       58           0
     1       69           0
     1       82           3
     1       97           4
     2        8           0
     2       11           3
     2       18           4
     2       20           1
     2       24           0
     2       31           1
     2       45           0
     2       53           4
     2       60           4
     2       76           4
     2       79           1
     2       80           0
     2       82           0
     2       83           4
     2       84           2
     2       85           4
     2       95           2
     3       11           1
     3       25           0
     3       39           1
     3       48           3
     3       57           2
     3       82           4
     3       87           1
     4        3           3
     4       16           2
     4       21           4
     4       64           0
     4       83           3
     4       84           0
     4       87           1
     4       94           3
     5        8           1
     5       11           1
     5       14           3
     5       18           1
     5       40           1
     5       45           3
     5       57           2
     5       68           0
     5       79           4
     5       91           0
     6       15           2
     6       18           3
     6       28           1
     6       36           2
     6       45           1
     6       63           1
     6       66           4
     6       75           0
     6       77           3
     6       81           3
     6       93           0
     7       34           1
     7       36           2
     7       39           0
     7       42           2
     7       46           4
     7       73           3
     7       76           1
     7       80           4
     7       89           0
     7       91           4
     7       96           0
     8        5           3
     8        7           2
     8       13           2
     8       14           2
     8       18           1
     8       24           2
     8       32           1
     8       35           4
     8       52           2
     8       56           0
     8       64           2
     8       68           1
     8       89           0
     8       93           1
     9       12           0
     9       13           3
     9       32           3
     9       39           4
     9       57           4
     9       74           3
     9       82           3
     9       84           3
    10        4           4
    10        5           1
    10        6           1
    10       18           1
    10       33           0
    10       48           3
    10       69           3
    10       81           2
    10       86           0
    11       14           1
    11       16           0
    11       20           4
    11       35           3
    11       39           0
    11       42           3
    11       62           3
    11       68           3
    11       80           4
    11       91           3
    12        8           0
    12       19           4
    12       20           2
    12       30           2
    12       37           4
    12       40           1
    12       59           4
    12       73           3
    12       75           4
    12       78           1
    12       82           1
    12       85           3
    12       93           2
    13       34           0
    13       42           1
    13       63           4
    13       86           3
    14       21           0
    14       39           0
    14       48           3
    14       62           2
    14       67           3
    14       77           1
    14       82           3
    14       92           2
    15        8           1
    15       13           1
    15       18           1
    15       44           2
    15       52           3
    15       55           1
    15       63           4
    15       65           3
    15       69           4
    15      100           4
    16        4           3
    16        8           0
    16       22           4
    16       25           0
    16       35           2
    16       38           0
    16       43           3
    16       44           0
    16       48           4
    16       58           0
    16       59           3
    16       62           0
    16       69           2
    16       86           0
    16       94           1
    17       14           3
    17       26           4
    17       65           1
    17       83           3
    17       84           3
    18        2           1
    18       16           0
    18       46           2
    18       61           2
    18       62           4
    18       64           2
    18       71           0
    18       92           0
    19        5           2
    19       12           3
    19       17           2
    19       33           0
    19       38           1
    19       72           1
    19       80           2
    19       82           4
    19       83           4
    19       85           4
    19       90           2
    19       94           0
    20        6           3
    20       21           1
    20       32           1
    20       48           1
    20       63           2
    20       65           2
    20       76           3
    20       80           4
    20       85           3
    20       99           2
    20      100           3
    21        1           1
    21        9           3
    21       19           4
    21       49           0
    21       52           1
    21       58           0
    21       66           0
    21       72           1
    21       86           3
    22        3           3
    22        4           1
    22        6           4
    22        9           3
    22       12           0
    22       17           2
    22       33           2
    22       37           4
    22       46           1
    22       68           4
    22       75           3
    22       77           3
    22       90           0
    22       97           2
    23       12           4
    23       17           1
    23       19           1
    23       41           1
    23       52           1
    23       55           1
    23       65           2
    23       81           2
    23       83           4
    23       87           3
    23       88           0
    23       96           4
    24       23           2
    24       25           0
    24       36           2
    24       43           2
    24       47           2
    24       50           3
    24       68           2
    24       71           1
    24       76           2
    24       80           4
    24       84           0
    24       92           0
    25        4           3
    25       19           2
    25       24           2
    25       31           4
    25       38           4
    25       42           1
    25       58           1
    25       94           4
    25      100           3
    26       13           4
    26       20           4
    26       29           1
    26       66           1
    26       77           3
    27        2           0
    27        6           0
    27       12           2
    27       24           0
    27       26           2
    27       33           2
    27       45           4
    27       50           3
    27       61           3
    27       74           0
    27       94           4
    27      100           4
    28        5           4
    28       37           3
    28       38           3
    28       41           2
    28       42           4
    28       46           1
    28       53           0
    28       54           0
    28       58           2
    28       87           4
    28       99           1
    29       28           4
    29       50           2
    29       55           4
    29       56           3
    30        8           1
    30       18           0
    30       21           1
    30       27           3
    30       29           2
    30       46           1
    30       49           0
    30       51           1
    30       67           1
    30       98           4
    31        5           2
    31       16           3
    31       29           1
    31       50           0
    31       51           3
    31       59           2
    31       69           3
    31       70           4
    31       74           4
    31       93           4
    32        3           1
    32        4           0
    32       49           0
    32       57           2
    32       66           4
    32       70           0
    32       84           0
    32      100           2
    33        6           2
    33       24           2
    33       26           4
    33       56           2
    33       67           1
    33       73           3
    33       92           4
    33       95           2
    33       96           4
    34       10           2
    34       16           3
    34       26           3
    34       42           1
    34       44           2
    34       56           4
    34       59           0
    34       60           1
    34       68           2
    34       89           2
    34       93           0
    35        7           0
    35       11           0
    35       17           4
    35       20           2
    35       22           1
    35       25           2
    35       32           3
    35       35           0
    35       54           3
    35       55           2
    35       83           3
    35       94           4
    36        3           3
    36        4           0
    36       19           0
    36       23           2
    36       27           4
    36       33           0
    36       44           4
    36       47           0
    36       64           2
    36       71           3
    36       73           0
    36       98           2
    37        3           3
    37       11           4
    37       15           4
    37       17           1
    37       29           1
    37       31           2
    37       32           2
    37       33           4
    37       48           0
    37       69           3
    37       93           1
    37       95           0
    37       97           2
    38       17           1
    38       22           0
    38       38           3
    38       50           1
    38       55           2
    38       81           4
    38       89           2
    39        9           1
    39       14           0
    39       53           0
    39       60           0
    39       75           1
    39       76           4
    39       79           2
    39       93           3
    40        7           0
    40        9           4
    40       26           2
    40       43           2
    40       45           1
    40       46           2
    40       51           1
    40       67           3
    40       69           0
    40       71           3
    40       74           1
    40       76           2
    40       86           3
    40       89           1
    40       95           2
    40       96           2
    40       97           2
    41       15           1
    41       28           4
    41       30           1
    41       41           0
    41       47           4
    41       58           4
    41       61           2
    41       70           4
    41       73           1
    41       99           2
    42        5           2
    42       29           2
    42       32           3
    42       33           3
    42       37           4
    42       48           4
    42       50           3
    42       60           4
    42       64           2
    42       72           2
    42       74           0
    42       77           4
    43        7           2
    43       22           0
    43       25           3
    43       30           3
    43       33           4
    43       41           0
    43       48           2
    43       63           4
    43       66           1
    43       73           0
    43       75           4
    43       78           0
    43       83           0
    43       85           3
    44        8           1
    44       28           1
    44       31           0
    44       35           0
    44       43           3
    44       44           4
    44       52           0
    44       74           3
    44       89           1
    44       90           0
    44       98           1
    45        3           3
    45       21           4
    45       23           3
    45       24           3
    45       34           0
    45       44           4
    45       78           4
    45       82           1
    45       83           1
    45       89           4
    45       93           1
    46       14           0
    46       24           1
    46       77           0
    46       94           3
    46       98           1
    47       11           3
    47       14           2
    47       28           2
    47       31           2
    47       41           1
    47       55           4
    47       61           3
    47       78           2
    47       91           1
    47       92           2
    48        7           3
    48       40           1
    48       54           2
    48       59           4
    48       71           0
    48       75           1
    48       86           1
    49       27           0
    49       38           4
    49       40           0
    49       61           2
    49       90           1
    49       96           4
    49       99           1
    50       14           1
    50       43           4
    50       49           2
    50       93           1
