     1        2           2
     1       23           2
     1       48           1
     1       69           3
     1       75           4
     1       80           4
     1       92           2
     2       34           3
     2       40           4
     2       47           2
     2       56           0
     3        8           0
     3       10           4
     3       11           0
     3       24           2
     3       62           2
     3       71           3
     3       73           3
     3       75           3
     3       84           2
     4        3           0
     4       12           1
     4       13           4
     4       25           0
     4       30           1
     4       57           4
     4       71           3
     4       72           2
     4       73           0
     5        2           0
     5        7           3
     5       13           1
     5       14           4
     5       25           0
     5       31           1
     5       41           1
     5       43           4
     5       74           3
     6        9           2
     6       12           0
     6       13           3
     6       17           4
     6       19           1
     6       21           2
     6       29           4
     6       36           2
     6       38           0
     6       45           4
     6       46           1
     6       53           0
     6       84           4
     6       86           3
     7        3           2
     7       39           4
     7       47           2
     7       61           4
     7       65           2
     7       67           0
     7       88           1
     7       97           1
     8       12           2
     8       35           0
     8       37           2
     8       39           3
     8       44           0
     8       46           0
     8       47           1
     8       49           0
     8       72           2
     8       77           2
     8       80           0
     8       92           1
     9        3           4
     9       12           0
     9       20           4
     9       39           0
     9       56           3
     9       58           2
     9       59           0
     9       66           3
     9       80           0
     9       83           1
     9       91           4
    10       19           3
    10       41           3
    10       42           0
    10       43           0
    10       57           4
    10       62           3
    10       99           1
    11        1           1
    11       18           0
    11       24           2
    11       27           3
    11       63           0
    11       69           3
    11       78           0
    11       80           2
    11       90           0
    12       10           3
    12       33           3
    12       34           4
    12       54           4
    12       62           1
    12       69           0
    12       79           3
    12       82           4
    12       92           4
    13        1           3
    13       13           4
    13       22           0
    13       50           4
    13       82           0
    14        6           2
    14        9           1
    14       15           1
    14       26           1
    14       43           0
    14       45           1
    14       49           1
    14       66           1
    14       89           0
    15        2           2
    15        5           3
    15       10           0
    15       21           4
    15       32           0
    15       35           2
    15       42           0
    15       47           4
    15       75           1
    15       77           4
    15       82           4
    16        6           0
    16        9           2
    16       44           1
    16       47           3
    16       69           4
    16       72           0
    16       78           2
    16       90           2
    16       96           1
    16      100           3
    17       15           1
    17       32           0
    17       38           0
    17       45           4
    17       46           2
    17       61           0
    17       62           1
    17       66           2
    17       87           4
    18       16           0
    18       21           1
    18       24           4
    18       36           2
    18       45           2
    18       47           2
    18       51           4
    18       64           0
    18       65           1
    18       76           3
    18       84           1
    18       85           4
    18       87           3
    18       89           1
    18       90           2
    19        6           0
    19        9           1
    19       23           2
    19       26           4
    19       32           1
    19       38           1
    19       53           4
    19       83           1
    19       84           4
    19       91           4
    20       41           1
    20       69           2
    20       71           2
    20       84           1
    20       87           0
    20       89           1
    20       98           1
    21       12           3
    21       29           2
    21       36           1
    21       52           0
    21       53           0
    21       58           3
    21       59           1
    21       61           1
    21       64           3
    21       81           1
    21       86           2
    21       99           2
    22        1           3
    22        6           1
    22       14           4
    22       20           3
    22       27           2
    22       31           2
    22       36           1
    22       52           3
    22       53           1
    22       73           1
    22       95           4
    22       98           3
    23       20           3
    23       30           2
    23       41           1
    23       80           4
    23       84           2
    23       97           2
    24        3           3
    24       10           2
    24       16           0
    24       26           4
    24       27           2
    24       35           2
    24       42           2
    24       53           0
    24       56           4
    24       60           0
    24       66           2
    24       91           2
    24       97           1
    25        6           3
    25       21           2
    25       24           1
    25       63           4
    25       80           3
    25       87           1
    25       96           4
    26        2           4
    26       15           3
    26       40           3
    26       44           1
    26       51           0
    26       58           2
    26       61           3
    26       62           0
    26       73           4
    26       77           3
    26       79           0
    26       85           0
    27        1           4
    27        2           0
    27        4           1
    27        6           0
    27        7           0
    27       17           0
    27       23           1
    27       24           1
    27       25           0
    27       35           0
    27       39           3
    27       50           0
    27       65           1
    27       82           2
    27       88           1
    27       94           0
    28        1           1
    28        4           0
    28       35           1
    28       64           0
    28       74           2
    28       79           0
    28       86           0
    29        1           4
    29       15           0
    29       16           0
    29       22           4
    29       31           4
    29       40           1
    29       48           1
    29       89           2
    29       90           3
    29       95           1
    30        4           3
    30        9           3
    30       11           4
    30       12           1
    30       18           4
    30       31           3
    30       85           3
    30       91           3
    30       99           0
    30      100           2
    31       22           0
    31       23           1
    31       27           4
    31       41           3
    31       55           2
    31       70           3
    31       81           1
    31       88           3
    32        2           3
    32       22           1
    32       61           1
    32       75           0
    32       77           1
    32       94           0
    33       10           3
    33       17           4
    33       20           2
    33       34           3
    33       75           1
    33       78           0
    34        9           1
    34       14           1
    34       21           3
    34       22           3
    34       23           1
    34       35           1
    34       47           4
    34       49           3
    34       57           4
    34       76           3
    34       88           3
    35        4           0
    35        5           1
    35        8           0
    35       11           3
    35       18           4
    35       30           3
    35       35           1
    35       40           1
    35       45           3
    35       50           3
    35       53           2
    35       59           2
    35       67           0
    35       71           2
    35       74           4
    35       75           0
    35       93           0
    36        5           3
    36       14           2
    36       16           0
    36       33           4
    36       59           3
    36       79           3
    36       86           0
    36       98           2
    37        1           0
    37       18           4
    37       21           0
    37       26           0
    37       36           2
    37       42           4
    37       50           4
    37       64           0
    37       79           1
    37       94           3
    37       99           2
    38       12           0
    38       29           3
    38       30           3
    38       33           1
    38       34           3
    38       41           4
    38       52           3
    38       73           3
    38       84           1
    39        1           1
    39        8           2
    39       11           2
    39       19           0
    39       21           0
    39       33           4
    39       41           3
    39       44           1
    39       49           2
    39       52           0
    39       53           1
    39       55           1
    39       56           3
    39       74           2
    39       76           2
    39       85           2
    39       91           4
    40       13           3
    40       25           1
    40       49           1
    40       60           2
    40       94           4
    41       17           4
    41       23           0
    41       32           3
    41       48           2
    41       51           2
    41       68           4
    41       74           3
    41       77           2
    41       82           1
    42        1           0
    42       11           0
    42       18           2
    42       19           4
    42       33           4
    42       37           0
    42       39           1
    42       73           4
    42       85           1
    42       89           2
    43       15           3
    43       36           1
    43       38           0
    43       40           0
    43       46           3
    43       47           4
    43       50           3
    43       56           4
    43       63           0
    43       73           0
    43       77           0
    43       82           2
    43       95           3
    43       96           0
    43       99           1
    44       16           0
    44       17           4
    44       19           4
    44       21           0
    44       30           3
    44       66           3
    44       71           1
    44       72           2
    44       86           3
    45        8           0
    45       11           0
    45       57           2
    45       60           4
    45       62           3
    45       65           0
    45       80           0
    45       90           2
    46        5           3
    46       21           0
    46       26           1
    46       67           0
    46       85           4
    46       95           4
    47       11           1
    47       13           1
    47       23           3
    47       28           4
    47       31           1
    47       40           4
    47       46           3
    47       55           2
    47       61           2
    47       62           3
    47       63           0
    47       75           3
    47       90           3
    47       93           1
    48       17           4
    48       20           2
    48       29           4
    48       45           1
    48       59           4
    48       64           3
    48       70           1
    48       75           0
    48       81           2
    48       93           3
    49        5           2
    49       16           1
    49       96           0
    49       97           3
    50       26           0
    50       29           2
    50       31           4
    50       39           1
    50       46           1
    50       50           4
    50       51           0
    50       57           0
    50       59           1
    50       68           1
    50       83           4
    50       90           3
    50       93           3
    50       95           0
