     1        1           1
     1        3           1
     1       26           4
     1       27           4
     1       31           1
     1       44           3
     1       49           1
     1       55           3
     1       56           1
     1       62           0
     1       67           4
     1       68           3
     1       76           0
     1       81           1
     1       82           4
     1       89           2
     1       95           3
     1       96           0
     1       98           4
     1      100           0
     2        5           3
     2       14           0
     2       27           0
     2       32           0
     2       34           4
     2       44           1
     2       76           4
     2       81           0
     2       84           2
     2       99           0
     3       10           3
     3       11           4
     3       30           4
     3       34           2
     3       37           2
     3       43           0
     3       45           1
     3       51           3
     3       67           2
     3       73           3
     3       77           1
     3       80           0
     3       83           4
     3       89           4
     4        6           0
     4        8           0
     4       11           0
     4       27           3
     4       39           2
     4       56           3
     4       62           0
     4       73           2
     4       85           3
     4       91           4
     4       94           3
     4       98           2
     5       12           2
     5       15           1
     5       20           4
     5       23           3
     5       24           3
     5       25           4
     5       36           0
     5       44           0
     5       45           2
     5       83           2
     5       96           1
     6        7           4
     6       22           3
     6       33           2
     6       71           2
     6       99           1
     7        9           3
     7       24           0
     7       41           1
     7       54           0
     7       66           2
     7       68           1
     7       76           0
     7       82           1
     8        2           3
     8        8           4
     8       15           0
     8       22           1
     8       33           3
     8       45           0
     8       47           1
     8       53           4
     8       62           0
     8       69           4
     8       87           4
     9        7           1
     9       16           2
     9       29           4
     9       39           0
     9       50           1
     9       59           0
     9       62           4
     9       70           3
     9       71           0
     9       81           0
     9       86           0
     9       89           1
    10        5           0
    10       10           4
    10       24           4
    10       46           0
    10       78           4
    10       83           4
    10       94           1
    11       45           2
    11       55           4
    11       59           3
    11       74           2
    11       76           2
    11       78           2
    12        4           4
    12       10           0
    12       12           0
    12       16           1
    12       31           0
    12       47           1
    12       80           1
    12       84           3
    12       91           4
    12       96           2
    13        2           1
    13       13           1
    13       31           4
    13       33           4
    13       34           3
    13       42           2
    13       49           2
    13       95           2
    13       96           2
    14        3           4
    14        4           4
    14        9           2
    14       46           0
    14       55           1
    14       65           4
    14       74           2
    14       79           0
    14       94           4
    15        1           0
    15       17           4
    15       33           2
    15       52           1
    15       55           2
    15       57           0
    15       64           1
    15       72           2
    15       73           2
    15       91           4
    15       97           1
    16       16           2
    16       20           4
    16       58           4
    16       66           0
    16       69           2
    16       90           0
    17       12           2
    17       14           1
    17       19           4
    17       23           1
    17       26           1
    17       27           3
    17       41           1
    17       56           0
    17       64           1
    17       67           3
    17       70           3
    17       79           2
    17       83           2
    18       19           0
    18       22           4
    18       28           3
    18       29           0
    18       30           4
    18       36           1
    18       38           4
    18       42           3
    18       44           1
    18       45           2
    18       56           4
    18       60           4
    18       62           2
    18       64           4
    18       75           2
    18       87           4
    18       90           2
    19        3           2
    19        8           2
    19       62           3
    19       73           0
    19       74           4
    19       76           1
    19       81           0
    19       82           0
    19       96           0
    20        8           2
    20       17           0
    20       37           0
    20       38           1
    20       40           4
    20       61           0
    20       70           3
    20       75           2
    20       82           2
    20       90           4
    21       18           4
    21       24           4
    21       25           0
    21       38           1
    21       39           3
    21       45           4
    21       47           1
    21       52           4
    21       61           4
    21       69           3
    21       75           4
    21       92           2
    21       93           3
    22        3           4
    22       42           1
    22       47           1
    22       58           1
    22       79           3
    22       88           3
    22       95           4
    23        8           3
    23       11           3
    23       26           1
    23       30           3
    23       50           0
    23       55           0
    23       79           2
    23       91           0
    23       99           0
    24       13           4
    24       26           1
    24       50           1
    24       58           4
    24       63           2
    24       69           3
    24       70           4
    24       73           2
    24       74           3
    24       79           1
    24       81           0
    24       88           3
    25        6           2
    25       12           2
    25       30           2
    25       42           0
    25       63           2
    25       65           0
    25       86           3
    26        1           2
    26        2           1
    26       24           2
    26       25           0
    26       34           4
    26       50           3
    26       51           1
    26       59           3
    26       64           4
    26       66           2
    26       68           4
    26       74           1
    26       75           4
    26       80           0
    26       90           2
    26       96           3
    27        8           3
    27       22           0
    27       35           3
    27       36           1
    27       37           4
    27       72           4
    27       94           3
    27       97           3
    28        7           3
    28       15           2
    28       25           4
    28       27           3
    28       29           1
    28       82           4
    28       91           2
    28       98           0
    29        2           0
    29        4           0
    29       14           1
    29       23           0
    29       47           4
    29       52           0
    29       56           1
    29       60           4
    29       87           1
    29       93           0
    30        6           4
    30       18           1
    30       28           0
    30       39           3
    30       43           2
    30       45           2
    30       47           2
    30       56           0
    30       65           0
    30       66           1
    30       67           4
    31        5           1
    31        9           2
    31       14           2
    31       26           0
    31       30           2
    31       43           1
    31       46           1
    31       52           2
    31       60           1
    31       61           1
    31       77           2
    31       82           3
    31       89           3
    31       95           2
    32        4           4
    32       37           2
    32       38           3
    32       44           4
    32       49           1
    32       50           0
    32       65           3
    32       73           3
    32       78           3
    32       79           1
    33       16           3
    33       34           4
    33       61           1
    33       75           4
    33       86           0
    33       92           2
    33      100           1
    34       24           2
    34       47           0
    34       54           0
    34       56           2
    34       77           4
    35       11           2
    35       33           3
    35       36           1
    35       50           2
    35       59           4
    35       60           0
    35       79           3
    36       14           4
    36       15           2
    36       16           3
    36       27           4
    36       31           2
    36       32           1
    36       40           4
    36       58           2
    36       82           0
    36       84           1
    36       90           3
    36       95           4
    37        8           0
    37       25           1
    37       41           0
    37       49           2
    37       57           3
    37       65           0
    37       80           0
    37       85           1
    38       16           2
    38       25           3
    38       28           4
    38       32           0
    38       34           4
    38       36           3
    38       54           4
    38       59           1
    38       84           1
    38       92           2
    39        4           1
    39       20           4
    39       34           3
    39       48           4
    39       52           1
    39       63           1
    39       65           1
    39       89           3
    39       93           3
    40       35           3
    40       40           2
    40       53           3
    40       58           2
    40       61           1
    40       66           4
    41        5           2
    41       14           1
    41       28           0
    41       31           3
    41       48           0
    41       66           0
    41       78           2
    41       89           2
    41       90           2
    41       91           0
    42        5           1
    42        9           3
    42       12           4
    42       48           2
    42       70           3
    42       71           2
    42       74           4
    42       80           3
    42       86           0
    42       93           0
    42       95           2
    43       23           4
    43       33           3
    43       40           1
    43       43           0
    43       70           1
    43       84           3
    43       99           1
    43      100           2
    44        1           2
    44        2           0
    44        3           1
    44        6           4
    44       10           4
    44       47           0
    44       48           0
    44       50           3
    44       51           1
    44       73           0
    44       85           2
    44       87           2
    44       88           0
    44       92           4
    45        6           0
    45       21           3
    45       24           2
    45       28           3
    45       32           1
    45       40           3
    45       55           2
    45       57           0
    45       68           4
    45       78           3
    45       84           2
    45       93           1
    46        5           0
    46       17           3
    46       27           4
    46       31           3
    46       39           3
    46       50           1
    46       54           3
    46       64           2
    46       92           3
    47        3           1
    47        9           2
    47       20           3
    47       39           2
    47       49           0
    47       57           3
    47       61           0
    47       76           1
    47       79           1
    47       80           2
    47       85           4
    47       90           3
    47       93           4
    47       96           4
    48        8           3
    48       18           1
    48       21           4
    48       38           4
    48       47           1
    48       48           0
    48       49           3
    48       53           4
    48       54           3
    48       81           3
    48       98           1
    49        4           0
    49       48           2
    49       58           4
    49       77           1
    49       94           4
    50        5           4
    50       18           1
    50       20           2
    50       27           4
    50       31           4
    50       32           4
    50       35           2
    50       38           3
    50       58           4
    50       65           4
    50       99           0
    50      100           2
