     1        1           4
     1       31           3
     1       35           0
     1       45           4
     1       46           0
     1       48           0
     1       55           3
     1       56           4
     1       57           0
     1       60           3
     1       76           2
     1       95           4
     2        4           3
     2       11           4
     2       20           0
     2       81           2
     3        2           1
     3       12           2
     3       32           1
     3       39           0
     3       50           3
     3       85           2
     3       98           3
     4       36           4
     4       43           2
     4       46           4
     4       58           2
     4       72           0
     4       75           4
     4       95           2
     5       30           1
     5       32           4
     5       35           2
     5       58           1
     5       63           3
     5       70           1
     5       71           0
     5       76           4
     5       91           1
     5       98           0
     6        1           0
     6        8           1
     6       14           3
     6       20           2
     6       29           0
     6       30           2
     6       33           4
     6       44           0
     6       46           4
     6       47           0
     6       61           2
     6       64           2
     6       96           1
     7        7           2
     7       10           3
     7       21           3
     7       45           4
     7       51           1
     7       55           1
     7       63           3
     7       75           2
     7       78           2
     7       86           2
     8       16           1
     8       17           1
     8       20           4
     8       37           4
     8       40           0
     8       64           4
     8       78           2
     8       80           2
     8       91           0
     9        6           4
     9       15           3
     9       18           2
     9       24           1
     9       28           2
     9       36           3
     9       41           0
     9       64           4
     9       65           1
     9       68           4
     9       70           3
     9       87           3
     9       88           2
     9       93           2
    10        6           4
    10       20           0
    10       21           2
    10       25           4
    10       37           3
    10       39           0
    10       46           2
    10       49           4
    10       63           4
    10       64           1
    10       70           2
    10       74           1
    10       85           0
    10       98           3
    10       99           2
    11        6           2
    11       19           1
    11       33           2
    11       41           3
    11       99           1
    12        9           2
    12       21           0
    12       30           3
    12       39           4
    12       67           4
    12       68           0
    12       87           3
    13       15           2
    13       29           3
    13       46           2
    13       53           3
    13       58           1
    13       75           1
    13       86           1
    13       94           1
    13       96           2
    14        5           3
    14        8           0
    14       21           1
    14       23           2
    14       24           4
    14       25           1
    14       68           0
    14       73           0
    14       75           1
    14       76           4
    14       88           3
    14       89           3
    15       17           2
    15       18           0
    15       41           3
    15       55           3
    15       60           3
    15       69           4
    15       78           0
    15       89           4
    15       92           1
    15      100           1
    16        1           1
    16       13           4
    16       17           2
    16       28           4
    16       38           1
    16       45           0
    16       52           2
    16       57           4
    16       74           3
    16       76           2
    17        9           1
    17       11           0
    17       20           1
    17       26           4
    17       36           0
    17       43           3
    17       51           3
    17       53           1
    17       63           1
    17       65           0
    17       66           2
    17       68           1
    17       77           3
    17       79           3
    17       89           4
    17       97           1
    17       99           4
    18       20           2
    18       35           4
    18       52           0
    18       58           4
    18       73           0
    18       77           1
    18       83           1
    18       85           3
    18       87           0
    18      100           1
    19        4           4
    19       17           0
    19       28           2
    19       30           3
    19       32           1
    19       33           1
    19       37           1
    19       38           2
    19       39           2
    19       48           3
    19       61           4
    19       62           0
    19       71           0
    19       90           2
    19       95           2
    20       15           0
    20       26           0
    20       44           0
    20       46           1
    20       47           4
    20       50           1
    20       51           0
    20       65           1
    20       67           3
    20       68           2
    20       70           3
    20       88           3
    21       10           0
    21       13           2
    21       14           0
    21       23           1
    21       30           2
    21       47           3
    21       62           4
    21       67           4
    21       72           1
    21       83           0
    21       84           0
    22       45           1
    22       50           2
    22       51           4
    22       55           1
    22       57           2
    23        4           2
    23       11           3
    23       25           0
    23       42           3
    23       45           4
    23       65           1
    23       86           2
    23       87           0
    23       91           3
    24        2           2
    24        3           2
    24        6           2
    24       27           3
    24       30           2
    24       33           3
    24       34           4
    24       40           4
    24       47           1
    24       65           4
    24       74           4
    24       84           2
    24       99           4
    25        2           0
    25       10           0
    25       17           1
    25       31           3
    25       38           0
    25       52           2
    25       61           3
    25       68           1
    25       80           4
    25       98           3
    25      100           1
    26        8           2
    26       34           3
    26       35           4
    26       41           3
    26       57           3
    26       80           1
    26       87           0
    27       36           2
    27       56           4
    27       68           3
    27       72           3
    27       74           0
    27       84           3
    27       92           2
    27       96           1
    28        2           2
    28        4           1
    28        7           1
    28       13           3
    28       26           2
    28       32           4
    28       40           1
    28       49           0
    28       53           0
    28       60           1
    28       65           1
    28       73           1
    28       85           1
    28       92           2
    29       15           4
    29       41           1
    29       42           4
    29       48           0
    29       49           2
    29       51           0
    29       54           3
    29       61           2
    29       71           3
    29       73           0
    29       79           3
    29       81           4
    29       96           4
    29      100           2
    30       27           4
    30       38           3
    30       40           0
    30       54           3
    30       58           4
    30       59           3
    30       86           4
    30       95           0
    31        4           0
    31       26           2
    31       33           2
    31       52           1
    31       61           3
    31       66           0
    31       74           4
    31       77           4
    31       83           2
    31       86           1
    31       88           0
    32        2           0
    32       15           0
    32       23           1
    32       31           0
    32       34           0
    32       37           3
    32       58           4
    32       69           3
    32       71           2
    32       88           0
    32       95           4
    33        3           4
    33        6           0
    33       11           4
    33       15           0
    33       59           4
    33       60           2
    33       66           2
    33       67           2
    33       69           3
    33       72           1
    33       77           0
    33       80           2
    33       86           2
    34       17           3
    34       22           0
    34       37           2
    34       44           0
    34       50           3
    34       51           4
    34       53           2
    34       66           4
    34       75           1
    34       79           4
    34       81           3
    35       18           2
    35       55           1
    35       65           1
    35       75           4
    35       77           1
    35       82           2
    35       91           2
    35       93           3
    35       96           2
    35       97           0
    36        3           0
    36       13           1
    36       42           4
    36       45           3
    36       57           1
    36       60           3
    36       97           3
    37       11           4
    37       19           0
    37       24           1
    37       29           2
    37       31           3
    37       42           4
    37       52           2
    37       54           2
    37       70           3
    38        1           4
    38       14           3
    38       17           0
    38       28           4
    38       53           4
    38       55           0
    38       73           2
    38       74           1
    38       94           2
    38       96           0
    38       99           4
    38      100           2
    39       10           0
    39       13           2
    39       15           1
    39       33           3
    39       37           3
    39       42           2
    39       62           1
    39       81           2
    39       95           1
    40       27           4
    40       29           0
    40       32           4
    40       40           0
    40       41           4
    40       58           4
    40       74           3
    40       80           2
    40       81           3
    40       82           4
    40       84           0
    41        8           1
    41       10           1
    41       21           1
    41       45           2
    41       48           0
    41       52           2
    41       56           0
    41       70           0
    41       75           0
    41       80           2
    41       84           0
    41       90           2
    41       94           4
    41       98           4
    42        5           4
    42       10           4
    42       19           4
    42       27           4
    42       30           3
    42       42           4
    42       53           4
    42       83           3
    42       86           0
    42       98           3
    43       11           4
    43       19           2
    43       37           1
    43       55           1
    43       61           3
    43       62           0
    43       89           1
    43       93           0
    44       23           0
    44       27           2
    44       41           2
    44       50           1
    44       96           2
    45        4           2
    45        5           3
    45        6           1
    45       13           1
    45       32           1
    45       38           3
    45       53           2
    45       92           3
    45       97           3
    46        3           3
    46       19           3
    46       49           3
    46       57           3
    46       91           1
    46       95           3
    46       98           3
    47       11           3
    47       16           4
    47       18           0
    47       31           0
    47       54           1
    47       63           0
    47       64           2
    47       78           4
    47       82           2
    47       83           1
    47       95           0
    48       10           2
    48       12           3
    48       14           1
    48       22           2
    48       35           3
    48       36           4
    48       39           3
    48       55           4
    48       71           4
    48       73           2
    48       82           1
    48       89           1
    49        2           3
    49        3           2
    49        5           3
    49        9           1
    49       13           4
    49       23           2
    49       43           4
    49       54           4
    49       82           0
    50       12           4
    50       13           0
    50       32           0
    50       37           1
    50       41           1
    50       42           2
    50       43           4
    50      100           4
