     1       12           4
     1       15           4
     1       20           4
     1       21           1
     1       22           3
     1       33           3
     1       62           4
     1       77           1
     1       81           3
     1       97           1
     2        4           3
     2       30           1
     2       41           1
     2       43           4
     2       53           0
     2       59           4
     2       89           2
     2       92           3
     3       11           4
     3       32           0
     3       37           0
     3       38           0
     3       54           3
     3       57           0
     3       72           0
     3       76           0
     4       10           4
     4       11           2
     4       19           4
     4       21           0
     4       44           4
     4       51           2
     4       65           1
     4       71           0
     4       79           1
     4       84           3
     4       93           2
     5        5           2
     5        6           0
     5       20           3
     5       37           2
     5       38           1
     5       40           2
     5       59           0
     5       66           1
     5       75           2
     5       92           1
     6       10           3
     6       15           4
     6       17           3
     6       22           2
     6       42           2
     6       60           1
     6       61           4
     6       77           1
     6       80           0
     6       99           0
     7        2           0
     7       13           4
     7       14           4
     7       37           4
     7       68           1
     7       91           0
     8        7           4
     8       23           1
     8       25           2
     8       49           4
     8       58           3
     8       61           4
     8       69           1
     8       90           2
     8       98           1
     9       10           0
     9       24           0
     9       27           2
     9       33           2
     9       46           1
     9       79           2
     9       84           4
    10       17           3
    10       19           0
    10       22           3
    10       28           3
    10       32           3
    10       37           4
    10       42           4
    10       48           3
    10       63           1
    10       72           2
    10       73           4
    10       77           2
    10       81           1
    11        4           1
    11        8           2
    11       23           0
    11       65           3
    11       70           3
    11       76           0
    11       93           4
    11      100           1
    12        4           4
    12       28           3
    12       39           4
    12       64           0
    12       91           3
    12       94           1
    13        7           1
    13       25           0
    13       39           1
    13       40           3
    13       49           3
    13       61           4
    13       68           3
    13       73           3
    13       80           4
    13       81           4
    14       13           2
    14       16           3
    14       24           4
    14       30           0
    14       41           4
    14       49           4
    14       50           2
    14       71           1
    14       75           1
    14       77           3
    14       80           0
    14       98           3
    15        6           1
    15        9           0
    15       14           0
    15       28           2
    15       42           4
    15       44           0
    15       45           1
    16        4           2
    16       61           0
    16       70           4
    16       72           2
    16       73           2
    16       74           0
    16       88           4
    16       89           0
    17        6           2
    17        7           2
    17       11           0
    17       21           2
    17       24           3
    17       31           1
    17       50           0
    17       62           0
    17       63           0
    17       81           3
    17       83           3
    17       84           0
    17       87           4
    17       97           1
    18        6           2
    18       21           1
    18       26           4
    18       53           1
    18       76           1
    18       80           1
    18       92           2
    18       97           0
    19        6           0
    19       23           0
    19       29           2
    19       42           4
    19       45           0
    19       55           0
    19       57           2
    19       63           3
    19       84           4
    19       92           3
    19       97           1
    19      100           2
    20        8           2
    20       24           1
    20       25           2
    20       59           1
    20       65           3
    20       78           0
    20       79           0
    21        4           4
    21       11           4
    21       23           0
    21       62           4
    21       65           3
    21       69           2
    22        3           1
    22       27           3
    22       29           3
    22       43           0
    22       48           3
    22       50           2
    22       57           3
    22       59           4
    22       61           3
    22       78           2
    22       96           2
    22       98           0
    23        5           3
    23       13           4
    23       15           4
    23       19           4
    23       20           2
    23       21           2
    23       51           2
    23       63           1
    23       75           1
    23       82           4
    24       18           4
    24       29           2
    24       35           1
    24       40           0
    24       48           0
    24       54           0
    24       60           1
    24       96           4
    25        6           0
    25       14           0
    25       20           2
    25       26           3
    25       28           4
    25       34           2
    25       37           4
    26       21           1
    26       24           1
    26       30           0
    26       37           2
    26       77           4
    26       91           4
    27        9           2
    27       15           4
    27       19           4
    27       26           4
    27       32           4
    27       34           4
    27       41           3
    27       50           2
    27       61           2
    27       62           2
    27       69           4
    27       81           0
    27       86           1
    27       89           2
    27       95           2
    28        4           3
    28       15           2
    28       26           3
    28       35           0
    28       54           0
    28       57           4
    28       65           3
    28       69           4
    28       74           2
    28       80           2
    28       81           4
    28      100           3
    29       23           4
    29       26           3
    29       28           1
    29       67           3
    29       82           0
    29       99           2
    30        6           4
    30       11           3
    30       20           1
    30       53           2
    30       66           3
    30       76           4
    30       90           4
    30       93           3
    31        3           4
    31        9           0
    31       13           1
    31       16           0
    31       18           2
    31       20           4
    31       31           4
    31       35           1
    31       40           4
    31       51           1
    31       66           1
    31       75           1
    31       77           1
    31       94           3
    31       99           2
    32       24           3
    32       26           0
    32       35           3
    32       51           1
    32       67           1
    32       68           1
    32       84           4
    32       89           1
    32       90           2
    32       99           0
    33       15           0
    33       27           0
    33       28           3
    33       31           3
    33       55           1
    33       59           3
    33       65           0
    33       68           2
    33       72           2
    33       82           3
    33       87           3
    33       97           0
    34        9           0
    34       10           0
    34       16           0
    34       28           3
    34       34           0
    34       46           4
    34       49           1
    34       54           2
    34       57           4
    34       66           1
    34       77           0
    34       80           4
    34       95           4
    34       96           4
    34       99           1
    35       17           1
    35       43           4
    35       46           2
    35       73           0
    35       78           2
    35       81           2
    35       86           0
    36        1           3
    36        3           3
    36       18           4
    36       22           3
    36       25           0
    36       27           0
    36       32           2
    36       34           1
    36       35           4
    36       44           0
    36       69           3
    36       86           3
    36       95           0
    37        4           2
    37        9           3
    37       18           4
    37       20           4
    37       49           0
    37       52           1
    37       55           3
    37       71           0
    37       87           0
    37       89           1
    37       92           1
    38       35           3
    38       43           3
    38       48           0
    38       59           4
    38       68           1
    38       70           4
    38       73           3
    38       75           2
    38       79           2
    38       85           3
    38       89           2
    38       91           2
    39       16           2
    39       19           1
    39       23           2
    39       29           4
    39       33           0
    39       34           1
    39       41           2
    39       52           0
    39       54           3
    39       82           4
    39       88           1
    39      100           2
    40        2           0
    40        8           3
    40       18           4
    40       23           3
    40       40           1
    40       52           3
    40       53           2
    40       67           3
    40       70           4
    40       76           4
    40       78           0
    40       92           2
    41        5           4
    41       20           3
    41       24           3
    41       27           4
    41       50           2
    41       54           4
    41       59           3
    41       68           0
    41       75           2
    41       80           0
    41       94           3
    42        2           3
    42        3           4
    42        5           1
    42       31           4
    42       36           1
    42       37           2
    42       38           2
    42       42           1
    42       45           2
    42       46           3
    42       55           3
    42       58           3
    42       71           1
    42       83           0
    43        1           1
    43        5           1
    43       31           0
    43       43           3
    43       64           4
    43       95           4
    44        6           1
    44        7           1
    44       12           4
    44       29           4
    44       33           2
    44       38           0
    44       39           1
    44       44           0
    44       45           4
    44       56           1
    44       74           2
    44       94           4
    44      100           2
    45        1           1
    45       15           4
    45       55           1
    45       73           1
    45       79           2
    46       11           1
    46       12           4
    46       34           2
    46       35           2
    46       43           2
    46       52           0
    46       58           1
    46       74           3
    46       88           3
    46       98           1
    47       12           0
    47       14           2
    47       15           3
    47       20           4
    47       29           4
    47       30           2
    47       37           4
    47       41           4
    47       55           3
    47       56           2
    47       71           2
    47       76           1
    48        7           0
    48        8           2
    48       21           2
    48       22           3
    48       31           3
    48       51           4
    48       66           0
    48       71           2
    48       75           0
    49        3           4
    49        7           3
    49       30           1
    49       39           0
    49       51           3
    49       52           0
    49       69           3
    49       73           3
    49       85           2
    49      100           2
    50       14           0
    50       17           2
    50       19           2
    50       20           4
    50       21           0
    50       25           3
    50       39           4
    50       42           1
    50       44           1
    50       45           3
    50       70           2
    50       79           1
    50       85           3
    50       90           3
    50       96           2
