     1       19           4
     1       29           1
     1       30           4
     1       34           1
     1       49           1
     1       53           1
     1       58           1
     1       59           3
     1       64           2
     1       91           1
     1       92           1
     2        1           1
     2        7           1
     2       16           2
     2       32           1
     2       38           0
     2       43           3
     2       55           2
     2       56           0
     2       60           1
     2       62           4
     2       67           1
     2       74           1
     3        1           4
     3       10           4
     3       21           0
     3       26           2
     3       35           2
     3       46           0
     3       57           4
     3       61           1
     3       63           0
     3       72           1
     3       83           1
     3       97           2
     4        5           3
     4       11           1
     4       13           3
     4       14           0
     4       33           2
     4       42           4
     4       61           2
     4       65           3
     4       76           0
     4       93           2
     5       19           1
     5       23           4
     5       43           3
     5       44           1
     5       59           4
     5       61           0
     5       80           4
     5       81           2
     5       89           3
     5       90           2
     6       11           4
     6       45           1
     6       56           0
     6       62           3
     6       64           1
     6       73           4
     6       74           4
     6       95           2
     7        3           3
     7       13           1
     7       14           0
     7       28           3
     7       33           4
     7       87           2
     7       88           3
     7       89           3
     7      100           3
     8       13           1
     8       42           1
     8       43           1
     8       84           1
     8       87           0
     8       92           1
     9        7           2
     9       22           0
     9       30           1
     9       38           3
     9       56           1
     9       77           0
     9       80           1
     9       86           3
     9       98           0
    10        1           3
    10       10           1
    10       16           2
    10       18           4
    10       19           3
    10       20           2
    10       23           3
    10       28           0
    10       30           0
    10       35           3
    10       66           1
    10       70           1
    10       71           0
    10       77           3
    11       10           1
    11       20           0
    11       22           1
    11       33           2
    11       36           0
    11       38           2
    11       87           3
    11       91           3
    12        2           2
    12        5           3
    12       15           4
    12       21           2
    12       23           0
    12       28           0
    12       37           0
    12       46           1
    12       49           4
    12       71           3
    12       84           4
    12       86           2
    12       93           0
    12       97           4
    13        9           0
    13       17           3
    13       19           4
    13       21           3
    13       30           0
    13       36           1
    13       53           3
    13       59           3
    13       74           2
    13       93           3
    14        1           1
    14        7           3
    14       19           4
    14       21           0
    14       63           0
    14       68           4
    14       69           0
    14       82           2
    14       99           2
    15       20           4
    15       29           0
    15       35           3
    15       47           3
    15       68           3
    15       78           4
    15       90           1
    16       32           1
    16       33           4
    16       40           3
    16       50           2
    16       52           1
    16       96           3
    16      100           3
    17       14           4
    17       24           0
    17       46           4
    17       48           3
    17       49           2
    17       73           1
    17       74           1
    17       77           1
    17       99           4
    18        3           3
    18        4           1
    18       11           2
    18       23           2
    18       34           3
    18       44           1
    18       54           3
    18       57           2
    18       68           3
    18       72           0
    18       77           2
    18       83           1
    18       84           4
    18       90           2
    19       10           1
    19       20           3
    19       25           1
    19       26           0
    19       27           3
    19       36           3
    19       41           2
    19       58           0
    19       67           3
    19       84           3
    20        7           3
    20       29           3
    20       32           1
    20       36           3
    20       47           0
    20       51           3
    20       53           1
    20       57           3
    20       79           0
    20       81           2
    20       86           4
    20       88           1
    21        4           0
    21        6           2
    21       35           4
    21       36           4
    21       37           3
    21       39           3
    21       45           3
    21       50           0
    21       52           4
    21       57           1
    21       71           1
    21       72           4
    21       83           1
    21      100           0
    22        3           2
    22        6           2
    22       27           1
    22       34           2
    22       56           0
    22       63           0
    22       79           0
    22       80           3
    23        5           4
    23        7           0
    23       41           2
    23       49           1
    23       53           2
    23       56           1
    23       58           3
    23       67           0
    23       69           1
    23       75           0
    23       79           0
    23       83           3
    23       89           2
    24        3           1
    24       16           2
    24       32           3
    24       35           0
    24       37           4
    24       47           0
    24       52           0
    24       58           3
    24       79           3
    25        3           1
    25        7           2
    25       33           2
    25       42           1
    25       43           1
    25       45           0
    25       48           1
    25       62           1
    25       98           0
    25       99           3
    26        3           1
    26        5           3
    26       15           2
    26       16           2
    26       24           4
    26       25           2
    26       26           3
    26       36           2
    26       43           2
    26       55           2
    26       68           2
    26       86           2
    26       87           3
    26       93           1
    27       23           1
    27       29           1
    27       30           3
    27       38           0
    27       57           3
    27       60           4
    27       66           3
    27       78           2
    27       85           3
    27      100           0
    28       12           4
    28       37           0
    28       39           0
    28       40           3
    28       50           1
    28       71           2
    28       77           4
    28       88           1
    28       91           3
    29       28           4
    29       59           4
    29       63           1
    29       85           2
    29       97           0
    30       31           4
    30       34           0
    30       37           2
    30       43           1
    30       51           2
    30       82           2
    30       85           0
    30       89           2
    31       16           1
    31       18           3
    31       24           1
    31       28           3
    31       37           1
    31       40           1
    31       64           2
    31       75           4
    31       80           2
    31       82           3
    31       98           2
    32       11           1
    32       15           3
    32       16           0
    32       17           0
    32       33           3
    32       35           4
    32       55           0
    32       57           4
    32       60           2
    32       61           0
    32       66           1
    32       74           4
    32       90           1
    33       12           2
    33       15           3
    33       18           2
    33       26           0
    33       29           2
    33       41           4
    33       42           2
    33       46           4
    33       53           1
    33       68           1
    33       69           3
    33       72           3
    33       82           3
    33       84           2
    33       88           4
    33       90           2
    33       92           3
    34       13           4
    34       22           4
    34       28           0
    34       29           1
    34       55           4
    34       56           2
    34       60           3
    34       64           4
    34       65           4
    34       66           4
    34       69           2
    34       70           3
    34       85           4
    35        2           0
    35       12           2
    35       13           1
    35       20           2
    35       24           0
    35       51           1
    35       54           1
    35       55           0
    35       67           2
    35       68           2
    35       69           1
    35       75           2
    35       78           3
    36        8           1
    36       15           2
    36       18           2
    36       41           0
    36       59           1
    36       68           3
    36       69           2
    36       71           3
    36       81           1
    36       88           0
    36       97           1
    36      100           2
    37        6           2
    37       34           2
    37       39           2
    37       42           4
    37       50           1
    37       56           2
    37       73           0
    38       27           4
    38       32           3
    38       45           3
    38       48           1
    38       50           3
    38       70           4
    38       86           3
    39        2           4
    39       11           2
    39       15           2
    39       22           4
    39       24           0
    39       45           0
    39       50           0
    39       63           2
    39       78           1
    39       97           1
    40        3           0
    40       28           2
    40       55           2
    40       57           1
    40       65           0
    40       75           4
    41       17           0
    41       51           2
    41       52           0
    41       58           2
    41       84           4
    42       12           3
    42       36           4
    42       37           3
    42       38           1
    42       60           4
    42       63           2
    42       70           1
    42       79           1
    42       80           4
    42       91           3
    43       22           3
    43       31           0
    43       71           4
    43       73           2
    43       88           2
    43       94           4
    44        2           1
    44        7           1
    44       26           0
    44       34           2
    44       44           3
    44       48           3
    44       58           4
    44       59           1
    44       64           2
    44       72           1
    44       77           4
    44       83           3
    44       98           3
    45        1           3
    45       40           1
    45       48           4
    45       54           2
    46        2           3
    46        4           3
    46        9           4
    46       13           4
    46       14           2
    46       41           0
    46       54           2
    46       76           4
    46       82           4
    46       86           1
    46       87           2
    46       96           1
    47        3           3
    47       11           3
    47       12           1
    47       17           0
    47       18           1
    47       20           0
    47       23           1
    47       39           4
    47       63           2
    47       81           2
    47       99           1
    48        4           4
    48        5           1
    48        6           1
    48        8           3
    48       41           2
    48       51           1
    48       62           3
    48       81           2
    48       82           4
    48       86           0
    48       90           2
    48       93           1
    48       94           0
    48       96           0
    48       97           4
    49       21           2
    49       69           2
    49       81           1
    49       85           4
    50       17           0
    50       19           4
    50       36           4
    50       49           4
    50       54           1
    50       60           3
    50       61           1
    50       74           4
    50       77           4
    50       94           1
    50       96           1
