     1       12           0
     1       24           2
     1       26           3
     1       49           4
     1       58           3
     1       76           0
     1       78           4
     1       83           1
     1       88           2
     1       91           0
     1      100           3
     2        2           3
     2        8           4
     2       10           3
     2       12           3
     2       31           4
     2       39           4
     2       55           4
     2       57           4
     2       69           3
     2       73           0
     2       79           2
     2       97           1
     3        7           3
     3        9           2
     3       21           3
     3       22           0
     3       28           3
     3       30           0
     3       38           3
     3       40           2
     3       45           2
     3       62           0
     3       89           2
     3       97           3
     3      100           2
     4       13           3
     4       14           4
     4       31           3
     4       51           3
     4       56           2
     4       60           3
     4       63           2
     4       70           0
     4       72           3
     4       77           0
     4       84           4
     4       87           0
     4       90           3
     4       94           4
     5        1           3
     5        5           3
     5        9           3
     5       16           0
     5       40           4
     5       41           3
     5       43           0
     5       49           3
     5       51           0
     5       61           4
     5       62           4
     5       69           4
     5       74           1
     5       80           2
     5       85           3
     5       86           2
     5       89           2
     6       10           2
     6       19           1
     6       26           2
     6       29           4
     6       37           1
     6       55           1
     6       57           1
     6       61           0
     6       70           1
     6       74           4
     6       82           2
     6       94           4
     6       95           4
     6       97           1
     6       99           4
     7       19           2
     7       21           1
     7       29           3
     7       54           1
     7       56           2
     7       70           3
     7       78           1
     7       84           3
     8        9           1
     8       38           2
     8       66           4
     8       68           4
     8       69           2
     8       82           1
     8       84           3
     9        1           4
     9       34           1
     9       35           0
     9       48           2
     9       53           3
     9       54           2
     9       60           1
     9       78           1
     9       85           2
     9      100           1
    10       18           1
    10       47           3
    10       52           0
    10       56           4
    10       66           0
    10       75           1
    10       89           3
    10      100           1
    11       10           2
    11       27           1
    11       45           4
    11       46           1
    11       56           1
    11       58           3
    11       66           3
    11       90           3
    11       92           0
    11       96           0
    12        6           2
    12        8           1
    12       45           2
    12       50           3
    12       80           2
    12       81           1
    12       89           4
    12       90           0
    13       15           4
    13       17           0
    13       30           1
    13       34           0
    13       40           2
    13       49           1
    13       53           4
    13       55           2
    13       59           4
    13       61           4
    13       71           3
    13       85           0
    14       13           0
    14       17           4
    14       33           2
    14       35           1
    14       50           0
    14       70           3
    15        2           0
    15       29           2
    15       43           0
    15       59           1
    15       64           1
    15       65           0
    15       96           2
    16        7           4
    16       12           3
    16       13           0
    16       16           4
    16       23           1
    16       26           4
    16       56           0
    16       61           1
    16       64           3
    16       67           0
    16       80           2
    16       82           2
    16       84           4
    16       98           3
    17        1           1
    17       29           0
    17       35           2
    17       50           2
    17       82           0
    17       84           2
    17       90           2
    17       94           1
    18        5           2
    18       20           1
    18       33           2
    18       41           1
    18       60           2
    18       73           4
    19        5           4
    19        6           1
    19       24           1
    19       29           2
    19       41           1
    19       44           1
    19       47           3
    19       64           1
    19       78           1
    19       80           0
    19       83           3
    19       99           0
    20       14           4
    20       35           1
    20       65           4
    20       88           0
    20       97           1
    21        4           2
    21       17           0
    21       24           2
    21       38           1
    21       40           2
    21       44           2
    21       52           1
    21       96           3
    22        7           4
    22       24           1
    22       42           4
    22       46           0
    22       49           1
    22       54           3
    22       64           1
    22       68           3
    22       71           1
    23        7           3
    23       17           0
    23       19           4
    23       30           3
    23       48           1
    23       49           1
    23       68           2
    23       70           2
    23       72           2
    23       94           3
    24       10           3
    24       32           1
    24       46           4
    24       49           2
    24       75           1
    24       91           2
    24       97           4
    25       10           3
    25       11           1
    25       13           3
    25       57           2
    25       71           3
    25       88           1
    25       89           0
    26        3           4
    26       11           0
    26       14           1
    26       30           0
    26       41           0
    26       57           1
    26       62           4
    26       66           2
    26       78           4
    26       79           2
    26       81           4
    26       89           3
    26       98           2
    27       15           4
    27       24           1
    27       31           0
    27       44           4
    27       67           0
    27       90           1
    27       93           4
    28        1           4
    28        3           1
    28        6           1
    28       12           1
    28       19           4
    28       36           0
    28       55           2
    28       63           2
    28       68           1
    28       82           1
    28       91           2
    29       13           1
    29       20           2
    29       26           1
    29       50           2
    29       53           0
    29       56           3
    29       66           1
    29       67           1
    29       74           3
    29       83           3
    29       92           0
    29       98           0
    30        1           2
    30       39           1
    30       57           3
    30       76           3
    30       83           0
    30       84           1
    30       88           2
    30       94           3
    31        4           4
    31        7           2
    31       19           1
    31       27           4
    31       35           2
    31       37           3
    31       60           2
    31       64           1
    31       72           1
    31       76           2
    31       77           0
    31       78           0
    31       79           2
    32        3           2
    32        9           3
    32       15           0
    32       17           1
    32       18           3
    32       25           3
    32       46           1
    32       55           0
    32       64           3
    32       70           2
    32       83           3
    33        7           1
    33       18           1
    33       25           3
    33       27           2
    33       51           4
    33       52           4
    33       55           1
    33       65           0
    34        3           1
    34        9           2
    34       18           3
    34       20           3
    34       33           2
    34       35           4
    34       40           2
    34       42           1
    34       51           0
    34       67           4
    34       73           2
    34       78           0
    34       88           3
    35       27           1
    35       31           1
    35       32           3
    35       49           0
    35       69           1
    35       72           3
    35       95           0
    35       96           2
    36       14           3
    36       41           1
    36       47           4
    36       53           4
    36       59           0
    36       60           2
    36       73           1
    36       79           2
    36       86           4
    36       94           3
    36       97           3
    37        3           2
    37       13           1
    37       18           3
    37       22           3
    37       39           3
    37       51           1
    37       59           3
    37       98           1
    38        4           1
    38        8           1
    38       50           2
    38       59           1
    38       69           3
    38       87           0
    39       11           4
    39       15           1
    39       17           2
    39       21           3
    39       41           3
    39       70           0
    39       89           4
    39       98           3
    40        6           4
    40       16           2
    40       33           1
    40       40           0
    40       42           4
    40       53           2
    40       54           3
    40       59           1
    40       67           4
    40       74           1
    40       79           2
    40       87           0
    41        1           4
    41       27           3
    41       31           0
    41       32           4
    41       37           3
    41       45           4
    41       50           0
    41       58           4
    41       71           3
    41       74           3
    41       80           4
    41       93           1
    42        1           0
    42        4           2
    42        6           2
    42       23           4
    42       29           3
    42       32           4
    42       49           0
    42       52           2
    42       53           0
    42       64           2
    42       65           1
    42       80           3
    42       82           1
    42       93           2
    42       98           0
    42       99           2
    43        9           0
    43       11           2
    43       28           0
    43       36           0
    43       40           3
    43       47           3
    43       81           1
    43       87           3
    43       90           2
    43      100           4
    44        2           4
    44        8           4
    44       16           1
    44       25           2
    44       42           4
    44       43           2
    44       49           0
    44       65           4
    44       66           3
    44       67           3
    44       69           0
    44       76           3
    45        6           2
    45       22           4
    45       31           0
    45       33           0
    45       51           1
    45       55           2
    45       66           0
    45       69           1
    45       73           2
    45       83           2
    45      100           1
    46        2           2
    46        5           1
    46       23           2
    46       30           2
    46       32           4
    46       33           2
    46       44           4
    46       50           0
    46       57           1
    46       88           3
    47       12           2
    47       36           1
    47       57           4
    47       64           3
    47       65           3
    47       81           2
    47       86           0
    48        2           4
    48       10           1
    48       20           2
    48       23           1
    48       34           0
    48       38           4
    48       39           4
    48       48           0
    48       53           4
    48       60           4
    48       63           1
    48       87           3
    48       92           1
    48       97           4
    49        8           0
    49       12           2
    49       21           0
    49       23           4
    49       42           0
    49       58           4
    49       89           4
    49       91           0
    49       95           2
    50       20           3
    50       29           3
    50       46           0
    50       63           2
    50       72           3
    50       75           0
    50       85           3
    50       86           4
