     1        4           3
     1       32           0
     1       48           3
     1       54           1
     1       63           1
     1       66           0
     1       69           0
     1       94           4
     1       97           2
     2        2           2
     2        3           0
     2        5           2
     2       47           2
     2       61           3
     2       77           2
     2       80           4
     3        4           0
     3       15           1
     3       32           1
     3       49           1
     3       53           3
     3       60           1
     3       63           4
     3       90           3
     4        5           1
     4       12           3
     4       22           2
     4       35           0
     4       64           4
     4       70           2
     4       74           1
     4       90           0
     4       94           1
     4       97           2
     5       30           4
     5       45           0
     5       49           4
     5       53           0
     5       57           0
     5       65           3
     5       69           0
     5       86           4
     5       93           3
     6       11           0
     6       13           2
     6       23           0
     6       34           2
     6       35           4
     6       37           3
     6       42           0
     6       44           3
     6       66           3
     6       83           4
     6       84           1
     6       97           4
     7       10           1
     7       16           2
     7       27           4
     7       52           2
     7       70           0
     7       77           0
     7       81           0
     7       82           4
     7       84           0
     7       90           0
     8       32           2
     8       37           4
     8       45           3
     8       54           3
     8       61           1
     8       93           4
     8       94           1
     8       99           0
     9       15           2
     9       18           2
     9       24           3
     9       64           0
     9       71           1
     9       73           3
     9       79           4
     9       81           0
     9       86           0
     9       90           2
     9       92           4
     9       95           1
     9       99           0
    10       11           4
    10       24           3
    10       39           0
    10       42           3
    10       47           0
    10       56           4
    10       65           4
    10       68           2
    10       71           2
    10       90           1
    10       91           4
    10       97           4
    10       98           0
    11        8           3
    11       15           4
    11       24           3
    11       47           3
    11       56           3
    11       65           3
    11       68           3
    11       80           1
    11      100           1
    12       23           3
    12       31           4
    12       55           2
    12       65           1
    12       66           4
    12       78           3
    12       87           2
    12       88           4
    12       92           0
    12       95           2
    13       10           2
    13       15           3
    13       26           4
    13       27           2
    13       33           4
    13       69           3
    13       72           0
    13       77           2
    13       78           3
    13       88           4
    13       95           1
    13       96           1
    13       99           3
    14        2           4
    14       12           1
    14       16           2
    14       17           3
    14       22           0
    14       29           1
    14       31           1
    14       61           3
    14       80           4
    14       96           4
    15        5           4
    15       14           2
    15       39           2
    15       41           0
    15       47           0
    15       62           1
    15       74           0
    15       79           1
    15       92           3
    15       94           2
    16        2           3
    16       13           0
    16       22           1
    16       47           0
    16       54           3
    16       64           2
    16       91           2
    16       93           4
    16       96           1
    17       18           4
    17       21           4
    17       22           4
    17       48           0
    17       63           3
    17       64           3
    17       70           4
    17       74           0
    17       84           4
    17       90           2
    17       98           2
    18        1           3
    18        4           0
    18       21           2
    18       39           2
    18       50           1
    18       66           4
    18       67           4
    18       68           4
    18       73           4
    18       74           3
    18       82           0
    18       94           3
    18       97           0
    19        4           2
    19        5           2
    19       14           2
    19       18           0
    19       46           2
    19       55           1
    19       56           2
    19       73           3
    19       75           1
    19       77           2
    19       86           3
    19       91           1
    20        2           2
    20        9           2
    20       15           1
    20       16           0
    20       18           2
    20       21           0
    20       24           4
    20       31           1
    20       58           4
    20       69           4
    20       83           0
    20       85           4
    20       89           2
    21       14           1
    21       32           1
    21       35           0
    21       55           4
    21       56           1
    21       63           4
    21       70           0
    21       77           0
    21       79           3
    21       82           4
    21       91           0
    21       92           1
    21       93           0
    21       98           3
    21      100           1
    22       11           4
    22       18           0
    22       20           2
    22       21           3
    22       23           3
    22       27           3
    22       53           1
    22       71           4
    22       77           0
    22       83           1
    23       12           1
    23       23           1
    23       26           1
    23       31           1
    23       43           0
    23       66           3
    23       68           1
    23       88           0
    23       97           0
    24       11           2
    24       26           3
    24       31           1
    24       44           3
    24       47           3
    24       49           0
    24       64           0
    24       66           1
    24       74           3
    24       75           3
    24       76           2
    24       99           4
    25       11           2
    25       14           3
    25       36           2
    25       49           1
    25       53           0
    25       54           2
    25       65           4
    26        7           2
    26        8           3
    26       10           0
    26       18           3
    26       28           4
    26       33           2
    26       45           0
    26       65           1
    26       70           4
    26       71           3
    26       94           2
    26       98           4
    27       25           0
    27       40           1
    27       59           1
    28       15           3
    28       17           0
    28       21           4
    28       22           3
    28       34           3
    28       47           3
    28       48           4
    28       72           3
    28       76           1
    28       89           0
    28       98           1
    29       30           4
    29       51           0
    29       58           1
    29       70           0
    29       73           4
    29       88           4
    30        3           0
    30       20           2
    30       21           1
    30       23           4
    30       28           4
    30       29           0
    30       32           2
    30       54           4
    30       58           2
    30       68           2
    30       76           3
    30       81           4
    31        2           4
    31       11           3
    31       19           2
    31       23           4
    31       27           1
    31       60           3
    31       68           3
    31       78           4
    31       79           2
    31       92           4
    31       94           2
    32       27           3
    32       46           4
    32       51           1
    32       55           4
    32       96           3
    33        2           2
    33        6           1
    33       20           1
    33       40           3
    33       54           3
    33       55           1
    33       74           4
    33       84           3
    33       89           2
    33       95           4
    33       98           1
    34       13           2
    34       37           0
    34       56           2
    34       64           3
    34       68           0
    34       69           0
    34       75           1
    35       19           2
    35       20           2
    35       25           2
    35       27           0
    35       31           2
    35       43           3
    35       54           4
    35       77           3
    35       78           4
    35       87           4
    35       88           3
    36       15           2
    36       17           4
    36       30           4
    36       37           1
    36       43           2
    36       45           1
    36       55           1
    36       57           2
    36       83           3
    36       88           4
    36       92           3
    37       43           4
    37       44           4
    37       58           0
    37       68           4
    37       79           3
    37       99           1
    38        4           4
    38        6           1
    38        7           2
    38       19           3
    38       22           1
    38       32           2
    38       35           2
    38       41           2
    38       50           3
    38       53           3
    38       66           1
    38       73           1
    38       93           0
    39       34           4
    39       52           3
    39       60           4
    39       71           3
    39       76           4
    39       79           1
    39       82           1
    39       84           0
    40        9           2
    40       13           0
    40       20           1
    40       28           0
    40       36           3
    40       58           3
    40       63           1
    40       71           4
    40       78           4
    40       89           2
    40       90           3
    41       32           0
    41       33           3
    41       46           0
    41       99           0
    42        5           3
    42       26           4
    42       37           3
    42       49           2
    42       52           3
    42       60           3
    42       75           1
    42       98           4
    43        3           0
    43        4           2
    43        5           2
    43        6           3
    43       19           0
    43       43           4
    43       48           4
    43       53           4
    43       54           4
    43       63           0
    43       69           2
    44        3           4
    44        7           4
    44       12           3
    44       14           1
    44       15           0
    44       21           3
    44       25           1
    44       33           0
    44       38           2
    44       43           4
    44       52           4
    44       67           1
    44       80           3
    44       85           0
    45        3           4
    45        6           3
    45       13           1
    45       40           0
    45       54           3
    45       85           1
    46        1           3
    46        7           1
    46       33           4
    46       35           4
    46       39           0
    46       44           2
    46       64           1
    46       66           0
    46       75           1
    46       85           1
    46       93           0
    47       12           0
    47       35           2
    47       38           0
    47       48           0
    47       58           1
    47       63           3
    47       71           2
    47       91           3
    48       10           2
    48       19           1
    48       33           2
    48       71           4
    48       72           2
    49        6           3
    49       23           0
    49       24           4
    49       27           1
    49       49           1
    49       86           3
    49       95           0
    50        9           2
    50       12           4
    50       35           0
    50       40           3
    50       48           4
    50       50           2
    50       87           2
    50       93           3
    50       96           4
