     1        1           3
     1        3           4
     1        9           4
     1       19           2
     1       29           3
     1       33           2
     1       42           4
     1       45           2
     1       47           4
     1       58           2
     1       77           1
     1       85           0
     1       91           3
     1       95           3
     2       52           4
     2       63           2
     2       91           2
     2       95           0
     3        9           0
     3       12           1
     3       18           0
     3       39           2
     3       44           1
     3       52           1
     3       53           2
     3       61           0
     3       69           0
     3       71           3
     3       72           4
     3       77           0
     3       87           1
     3       90           2
     3       91           0
     3       92           4
     3      100           1
     4       10           1
     4       30           4
     4       44           4
     4       61           0
     4       62           1
     4       67           1
     4       73           1
     4       80           4
     4       94           0
     5        8           3
     5       11           1
     5       13           2
     5       14           1
     5       19           3
     5       25           1
     5       31           2
     5       35           1
     5       36           3
     5       54           0
     5       63           3
     5       67           1
     5       87           1
     5       96           4
     6        9           1
     6       34           3
     6       44           0
     6       55           2
     6       56           3
     6       65           2
     6       76           1
     6       77           3
     6       81           0
     6       85           1
     7       11           1
     7       17           1
     7       24           3
     7       28           1
     7       29           4
     7       30           1
     7       38           3
     7       58           2
     7       72           0
     7       81           2
     7       99           4
     8        4           0
     8        8           0
     8       29           4
     8       36           2
     8       78           4
     8       83           4
     8       93           2
     9        3           1
     9       47           4
     9       51           1
     9       59           4
     9       60           2
     9       76           3
     9       83           3
     9       84           0
     9       88           0
     9       89           2
     9       94           1
    10       41           4
    10       67           2
    10       81           0
    10       88           4
    11        2           2
    11        5           4
    11       24           2
    11       29           3
    11       49           1
    11       64           1
    11       72           1
    11       87           0
    11       99           0
    12       12           2
    12       38           1
    12       45           2
    12       59           4
    12       79           4
    12       85           4
    12       87           2
    13       15           3
    13       44           0
    13       55           0
    13       60           3
    13       65           0
    13       73           4
    13       77           0
    13       82           0
    13       93           4
    14       11           0
    14       15           2
    14       41           2
    14       48           1
    14       52           2
    14       90           4
    14       94           0
    15        4           3
    15       16           1
    15       17           2
    15       18           4
    15       19           3
    15       20           3
    15       21           2
    15       36           4
    15       39           4
    15       40           2
    15       46           3
    15       65           1
    15       76           0
    15       96           1
    16        2           2
    16       17           1
    16       18           2
    16       31           4
    16       39           4
    16       75           2
    16       76           4
    16       96           2
    17        7           3
    17       19           0
    17       20           4
    17       35           4
    17       39           0
    17       59           4
    17       60           2
    17       62           2
    17       68           2
    17       80           2
    17       81           2
    17       85           2
    17       88           0
    17       94           0
    18        2           1
    18        4           3
    18        5           2
    18       24           1
    18       36           3
    18       49           4
    18       63           1
    18       67           4
    18       68           1
    18       71           2
    18       82           3
    18       92           4
    18       98           2
    19        7           3
    19       24           3
    19       32           1
    19       50           1
    19       51           1
    19       56           0
    19       57           4
    19       60           0
    19       72           3
    19       75           2
    20        1           0
    20        9           1
    20       18           0
    20       31           1
    20       38           0
    20       43           0
    20       48           0
    20       51           4
    20       55           4
    20       61           3
    20       68           1
    20       71           4
    20       74           2
    20       92           0
    20      100           0
    21       14           4
    21       26           1
    21       31           2
    21       53           4
    21       64           2
    21       72           3
    21       78           1
    21       84           2
    21       87           2
    22       20           1
    22       23           3
    22       43           1
    22       48           2
    22       61           2
    22       68           3
    22       73           1
    22       78           1
    23        1           0
    23        9           3
    23       12           3
    23       22           2
    23       24           0
    23       38           3
    23       46           3
    23       56           0
    23       66           1
    23       72           4
    23       74           3
    23       77           1
    23       78           1
    23       87           4
    23       88           1
    23       89           4
    24        6           4
    24       11           4
    24       14           3
    24       16           1
    24       23           0
    24       25           0
    24       41           2
    24       50           3
    24       60           4
    24       62           0
    24       70           0
    24       79           0
    24       85           3
    24       95           3
    25       10           3
    25       18           4
    25       25           2
    25       28           3
    25       37           1
    25       42           4
    25       43           4
    25       45           1
    25       48           3
    25       50           3
    25       51           2
    25       57           2
    25       73           4
    25       81           2
    25       83           2
    26        1           0
    26        8           4
    26       10           0
    26       19           0
    26       25           0
    26       48           4
    26       52           1
    26       58           2
    26       60           1
    26       68           4
    26       73           1
    26       94           0
    26      100           4
    27       12           4
    27       36           4
    27       37           3
    27       39           4
    27       40           1
    27       85           4
    27       91           1
    27       95           1
    28        2           1
    28        7           0
    28       10           4
    28       14           4
    28       23           1
    28       28           0
    28       43           3
    28       49           3
    28       56           0
    28       81           3
    28       94           2
    28       97           0
    29        3           0
    29       11           3
    29       27           3
    29       33           0
    29       34           1
    29       48           3
    29       66           3
    29       82           0
    29       96           2
    29       99           1
    30        6           1
    30       27           4
    30       33           3
    30       35           0
    30       44           0
    30       59           2
    30       86           4
    30       93           0
    30       98           3
    30      100           3
    31        4           0
    31        6           1
    31        7           0
    31       15           0
    31       22           4
    31       23           3
    31       32           1
    31       34           2
    31       46           0
    31       47           1
    31       50           1
    31       55           3
    31       57           3
    31       69           4
    31       76           2
    31       86           3
    31       98           4
    32       17           1
    32       22           2
    32       24           4
    32       34           1
    32       36           3
    32       66           1
    32       72           2
    33       15           3
    33       31           3
    33       32           4
    33       34           2
    33       44           2
    33       65           2
    33       69           0
    33       70           4
    33       71           3
    33       93           1
    34       27           0
    34       35           0
    34       36           4
    34       41           4
    34       54           4
    34       58           0
    34       71           4
    34       79           1
    34       83           0
    35       34           1
    35       57           4
    35       78           3
    35       93           3
    36        2           4
    36        7           1
    36       17           3
    36       20           1
    36       40           3
    36       47           3
    36       75           4
    36       79           4
    36       82           4
    36       87           4
    36       91           3
    36       94           1
    37        1           4
    37        3           1
    37       20           2
    37       41           1
    37       51           3
    37       54           2
    37       59           4
    37       67           1
    37       75           4
    37       81           1
    37       82           1
    37       84           1
    37       86           4
    37       90           4
    38        8           0
    38       31           4
    38       84           1
    38       97           4
    39        8           4
    39       26           0
    39       44           0
    39       45           0
    39       46           0
    39       53           0
    39       78           0
    39       79           2
    39       87           4
    39       96           1
    40       13           1
    40       17           0
    40       21           4
    40       27           1
    40       31           3
    40       35           4
    40       43           0
    40       54           2
    40       64           3
    40       65           3
    40       97           1
    41       13           1
    41       17           2
    41       20           3
    41       37           1
    41       40           2
    41       51           2
    41       52           0
    41       62           2
    41       70           0
    41      100           3
    42       73           2
    42       75           1
    42       77           0
    42       83           3
    42       90           2
    42       91           1
    42       93           0
    42       99           4
    43       13           0
    43       20           2
    43       32           2
    43       42           4
    43       43           3
    43       54           4
    43       60           2
    43       73           2
    43       96           4
    43       98           1
    43       99           2
    44        6           1
    44       15           2
    44       22           4
    44       24           3
    44       26           3
    44       28           1
    44       30           2
    44       31           4
    44       32           3
    44       34           2
    44       51           1
    44       57           3
    44       71           1
    44       97           4
    44       99           4
    45        1           1
    45        4           3
    45       26           4
    45       52           3
    45       55           4
    45       77           0
    45       82           3
    45       86           0
    45       89           2
    45       92           0
    45       98           1
    46        3           1
    46        8           1
    46       19           4
    46       46           1
    46       54           1
    46       59           1
    46       62           1
    46       78           0
    47        9           1
    47       10           1
    47       91           2
    47       94           1
    47       96           4
    48       19           1
    48       22           1
    48       35           1
    48       39           2
    48       57           4
    48       69           1
    48       74           0
    48       89           4
    48       96           2
    49        5           2
    49       12           4
    49       37           2
    49       41           1
    49       55           4
    49       62           2
    49       63           2
    49       70           2
    49       90           2
    49       96           4
    50       25           1
    50       27           1
    50       32           0
    50       55           3
    50       60           1
    50       85           4
    50       86           3
    50       87           3
    50       92           0
