     1       17           4
     1       25           0
     1       43           0
     1       59           3
     1       78           2
     1       80           1
     1       85           3
     1       99           1
     2        3           1
     2        6           4
     2        9           4
     2       37           1
     2       66           1
     2       69           3
     2       70           2
     2       78           1
     2       85           0
     2       91           4
     3       11           2
     3       14           4
     3       19           3
     3       51           3
     3       53           4
     3       64           3
     3       75           0
     3       86           2
     4        1           2
     4        3           4
     4       14           3
     4       22           3
     4       34           0
     4       38           3
     4       57           1
     4       58           1
     4       98           0
     5        3           2
     5       16           2
     5       23           0
     5       29           0
     5       47           0
     5       54           4
     5       80           0
     5       81           3
     5       84           4
     5       88           0
     6       12           3
     6       14           4
     6       30           1
     6       35           3
     6       55           2
     6       60           2
     6       75           1
     6       99           2
     7        5           4
     7       10           0
     7       25           2
     7       40           4
     7       51           4
     7       54           3
     7       57           1
     7       79           2
     7       94           3
     8        3           4
     8        4           1
     8       20           3
     8       22           2
     8       25           2
     8       26           3
     8       29           2
     8       32           4
     8       60           0
     8       99           0
     9        8           1
     9       27           3
     9       34           4
     9       56           4
     9       69           1
     9       73           3
     9       92           2
     9       97           1
    10       39           3
    10       44           2
    10       57           4
    10       58           1
    10       59           3
    10       77           4
    10       80           3
    10       85           3
    10       89           1
    10       90           4
    10       97           0
    11       18           2
    11       19           2
    11       29           0
    11       62           3
    11       63           1
    11       66           1
    11       77           0
    11       83           0
    11       87           4
    11       96           4
    12        8           2
    12       10           0
    12       22           4
    12       24           1
    12       39           2
    12       40           4
    12       56           0
    12       83           3
    13        5           4
    13       11           1
    13       27           0
    13       33           1
    13       36           0
    13       39           1
    13       40           3
    13       67           3
    13       70           0
    13       76           4
    13       86           2
    13       88           0
    13       99           1
    13      100           4
    14        6           3
    14       17           1
    14       36           2
    14       49           3
    14       51           4
    14       68           1
    14       74           2
    14       79           4
    14       88           3
    14       92           4
    15        5           0
    15        6           2
    15       33           3
    15       36           4
    15       46           2
    15       51           4
    15       58           0
    15       60           4
    15       72           4
    15       86           1
    16       21           1
    16       23           2
    16       38           3
    16       56           3
    16       60           0
    16       73           2
    16       82           1
    16       90           1
    17        7           4
    17       12           0
    17       15           3
    17       17           0
    17       24           4
    17       83           2
    18        4           4
    18        5           1
    18       31           3
    18       43           1
    18       49           4
    18       52           1
    18       62           1
    18       77           0
    18       89           3
    18       91           4
    18       94           2
    19        1           1
    19       17           4
    19       18           0
    19       30           0
    19       59           4
    19       71           2
    19       77           4
    19       78           1
    19       80           0
    19       81           4
    19       82           1
    19       85           2
    19       91           4
    19       92           2
    19       98           2
    20       23           3
    20       33           2
    20       46           4
    20       50           1
    20       59           1
    20       65           3
    20       79           0
    20      100           0
    21        7           3
    21       32           2
    21       33           0
    21       36           1
    21       37           3
    21       41           0
    21       43           4
    21       45           1
    21       50           1
    21       51           3
    21       60           0
    21       67           2
    21       69           4
    21       73           0
    21       78           4
    21       79           1
    21       86           2
    22        9           3
    22       12           2
    22       30           3
    22       66           4
    22       80           0
    22       83           4
    22       87           4
    22       89           4
    22       91           2
    22      100           0
    23        6           0
    23       11           1
    23       13           1
    23       16           1
    23       43           1
    23       59           1
    23       71           0
    23       78           3
    23       94           0
    23       95           0
    24        1           3
    24        5           1
    24        7           3
    24       13           1
    24       14           0
    24       32           4
    24       35           2
    24       43           1
    24       45           2
    24       57           0
    24       71           2
    24       74           4
    24       77           1
    24       95           2
    25       18           4
    25       24           0
    25       25           2
    25       39           0
    25       53           3
    25       64           2
    25       66           1
    25       74           2
    25       96           3
    26       10           2
    26       11           2
    26       26           2
    26       30           1
    26       47           4
    26       52           3
    26       63           0
    26       86           0
    26       92           3
    26       94           0
    27       20           4
    27       38           4
    27       57           1
    27       63           0
    27       72           4
    27       73           3
    27       80           4
    27       83           2
    27       88           1
    28       12           2
    28       32           1
    28       47           0
    28       52           3
    28       75           4
    28       93           3
    29        1           3
    29        7           1
    29        8           0
    29       15           4
    29       28           2
    29       36           1
    29       42           0
    29       49           3
    29       52           1
    29       61           4
    29       65           0
    29       74           3
    29       84           1
    29       93           1
    29      100           2
    30        9           0
    30       10           1
    30       13           4
    30       14           3
    30       40           2
    30       44           3
    30       57           3
    30       60           0
    30       62           3
    30       64           4
    30       78           3
    30       81           1
    30       93           1
    30       96           3
    30       98           2
    30       99           1
    31       20           0
    31       26           3
    31       29           1
    31       35           0
    31       55           3
    31       65           4
    31       70           2
    31       93           0
    31       94           0
    31       95           1
    32        1           4
    32       18           4
    32       20           3
    32       35           1
    32       37           1
    32       49           1
    32       58           3
    32       68           4
    32       75           1
    32       78           3
    32       91           1
    33       18           2
    33       41           4
    33       48           1
    33       62           3
    33       63           4
    33       71           2
    34        4           1
    34       10           1
    34       14           4
    34       15           4
    34       22           4
    34       37           4
    34       41           3
    34       43           3
    34       53           0
    34       56           0
    34       61           2
    34       63           1
    34       88           1
    35        1           2
    35        2           0
    35       21           2
    35       29           1
    35       34           4
    35       39           3
    35       47           4
    35       50           4
    35       79           4
    35      100           0
    36        7           0
    36       24           2
    36       30           3
    36       44           2
    36       60           0
    36       62           4
    36       64           4
    36       72           0
    36       82           1
    36       89           4
    37        3           0
    37        8           3
    37       17           1
    37       61           3
    37       80           4
    37       85           0
    37       97           4
    38       11           1
    38       16           3
    38       37           4
    38       39           2
    38       40           2
    38       55           1
    38       58           0
    38       59           2
    38       60           0
    38       76           2
    38       92           4
    38       94           3
    39        9           2
    39       23           0
    39       24           2
    39       25           0
    39       35           3
    39       36           1
    39       38           4
    39       42           0
    39       51           2
    39       57           1
    39       81           0
    39       95           1
    40        2           0
    40       19           1
    40       21           2
    40       27           2
    40       38           3
    40       45           2
    40       49           4
    40       64           3
    40       69           0
    40       95           1
    40       96           1
    41       19           0
    41       21           1
    41       25           2
    41       32           4
    41       56           4
    41       74           0
    41       82           4
    41       84           0
    42        8           3
    42       11           2
    42       38           3
    42       42           2
    42       49           2
    42       73           0
    43       12           0
    43       44           2
    43       51           2
    43       54           0
    43       58           4
    43       64           4
    43       66           2
    43       74           0
    43       79           4
    43       81           2
    43       97           3
    44        4           4
    44       13           3
    44       26           1
    44       40           1
    44       52           1
    44       82           3
    44       89           2
    44       90           1
    45       12           3
    45       28           0
    45       31           4
    45       33           0
    45       38           1
    45       54           0
    45       68           1
    45       77           1
    45       84           4
    45       86           2
    45       93           3
    45       99           2
    46       10           3
    46       56           4
    46       71           0
    47        9           0
    47       23           3
    47       57           2
    47       66           2
    47       73           1
    47       76           4
    47       79           2
    47       80           0
    47       88           0
    47       97           4
    48        2           0
    48       30           3
    48       33           4
    48       34           4
    48       37           0
    48       39           1
    48       44           0
    48       62           4
    48       66           1
    48       67           2
    48       85           1
    48       87           3
    49       28           1
    49       41           2
    49       61           2
    49       83           4
    49       88           3
    50        8           2
    50       18           2
    50       28           2
    50       32           3
    50       63           4
    50       79           1
    50       91           4
    50       92           2
    50       98           0
    50       99           2
